      0/49     1.04G    0.0494   0.06674   0.02122    0.1374       994       640         0         0         0         0   0.04809   0.07406   0.02247
      1/49     1.08G   0.04832   0.06744   0.02079    0.1365      1221       640 7.288e-05 0.0003418 5.373e-07 5.373e-08   0.04713   0.06631   0.02126
      2/49     1.08G   0.04758   0.06479   0.02041    0.1328      1043       640 0.0009662  0.002393 1.144e-05 2.819e-06   0.04662   0.06254   0.02098
      3/49     1.08G   0.04673   0.06151   0.02018    0.1284      1322       640  0.003931   0.01179 0.0004918  9.49e-05   0.04457   0.07692   0.02092
      4/49     1.08G   0.04519   0.07124   0.01968    0.1361      1078       640   0.01169   0.03995  0.001365 0.0002455   0.04201   0.09326   0.02034
      5/49     1.08G   0.04279   0.08065   0.01915    0.1426       994       640   0.02732   0.09111  0.003978 0.0006727   0.03802    0.1165   0.01957
      6/49     1.08G   0.03908   0.09995    0.0189    0.1579       958       640   0.04817    0.1428   0.01056   0.00184   0.03518    0.1267   0.01907
      7/49     1.08G    0.0359    0.1146   0.01861    0.1691      1243       640   0.06987    0.1977   0.01959  0.004286   0.02996    0.1515   0.01916
      8/49     1.09G   0.03195    0.1312   0.01846    0.1816      1394       640   0.04754    0.1783   0.01625  0.002934   0.02874    0.1564   0.01847
      9/49     1.09G    0.0311    0.1335   0.01827    0.1829      1138       640   0.06909    0.1623   0.01574  0.002405   0.02817    0.1814   0.01841
     10/49     1.09G   0.03021     0.133   0.01813    0.1813       869       640   0.09899    0.3263   0.04578   0.00995    0.0264    0.1504   0.01813
     11/49     1.09G   0.03054    0.1566   0.01807    0.2052      1238       640    0.0773    0.2364   0.02927   0.00491   0.02816    0.1701   0.01816
     12/49     1.09G   0.02905    0.1395   0.01808    0.1866      1120       640    0.1146    0.3244   0.05297   0.01076   0.02741    0.1509   0.01827
     13/49     1.09G   0.02954    0.1331   0.01799    0.1806       817       640    0.1109    0.3256   0.04609  0.008384   0.02473    0.1632   0.01802
     14/49     1.09G   0.02769    0.1413   0.01794     0.187       988       640   0.07175    0.2141   0.02669  0.006011   0.02342    0.1853     0.018
     15/49     1.09G   0.02943    0.1381   0.01791    0.1854      1389       640    0.1017    0.3109   0.04369  0.007702   0.02502    0.1959   0.01799
     16/49     1.09G    0.0292    0.1319   0.01787    0.1789       829       640   0.03657   0.06402  0.003689 0.0008989   0.02776    0.1836   0.01793
     17/49     1.09G   0.02931    0.1403    0.0178    0.1874      1157       640   0.07044    0.2123   0.01877  0.004599   0.02603    0.1764   0.01792
     18/49     1.09G   0.02732    0.1422   0.01779    0.1873       848       640    0.1411    0.3466   0.08395   0.02405   0.02047    0.1696   0.01787
     19/49     1.09G   0.02505     0.135    0.0178    0.1778      1184       640    0.1166    0.3756   0.08024   0.02253   0.02032    0.1792   0.01781
     20/49     1.09G   0.02851    0.1507   0.01779     0.197      1064       640   0.01158   0.03595  0.001461 0.0002266   0.03052    0.2115   0.01777
     21/49     1.09G   0.02871      0.13   0.01776    0.1765       996       640     0.137    0.4648   0.09985    0.0343   0.01969    0.1832   0.01785
     22/49     1.09G   0.02452    0.1343   0.01778    0.1766      1266       640    0.1115    0.4074   0.08247   0.02194   0.01993    0.1671   0.01785
     23/49     1.09G   0.02379    0.1299   0.01768    0.1714       909       640    0.1573    0.4992    0.1068   0.03777   0.01806    0.1843   0.01785
     24/49     1.09G   0.02696    0.1401   0.01767    0.1847      1111       640    0.1838    0.4396   0.09123   0.03578   0.02432    0.2595   0.01793
     25/49     1.09G   0.02591    0.1701    0.0178    0.2138      1823       640    0.1328    0.4438   0.09568   0.03579   0.01924    0.1661   0.01786
     26/49     1.09G   0.02293    0.1379   0.01783    0.1786      1314       640    0.1031    0.2995   0.04029  0.007567   0.02501    0.2085   0.01783
     27/49     1.09G   0.02227    0.1286   0.01777    0.1687       810       640    0.1431    0.4329    0.0899   0.03238   0.01868    0.1723   0.01786
     28/49     1.09G   0.02241    0.1284   0.01777    0.1686       889       640    0.1264    0.4621   0.09629   0.03691   0.01735    0.1637   0.01788
     29/49     1.09G   0.02319    0.1279   0.01775    0.1688      1026       640   0.08308    0.2597   0.04327   0.00726   0.02677    0.1821   0.01782
     30/49     1.09G   0.02209    0.1258   0.01772    0.1656       778       640    0.2016    0.4748    0.1027   0.02653   0.02017    0.1671   0.01781
     31/49     1.09G   0.02232     0.125   0.01768    0.1649       831       640    0.1267    0.4646    0.1092   0.04435    0.0175    0.1753   0.01775
     32/49     1.09G   0.02245     0.124   0.01769    0.1641      1078       640    0.1294    0.4759    0.1131   0.02988   0.01888    0.1557   0.01779
     33/49     1.09G   0.02023    0.1185   0.01769    0.1564      1025       640    0.1307    0.4791    0.1154   0.05853   0.01529    0.1473   0.01781
     34/49     1.09G   0.01972    0.1191   0.01763    0.1564       710       640    0.1337    0.4947     0.114   0.05123   0.01664    0.1554   0.01776
     35/49     1.09G   0.01904    0.1187   0.01762    0.1553       945       640     0.141    0.4905    0.1203   0.03528   0.01862    0.1843    0.0178
     36/49     1.09G   0.02039    0.1185   0.01762    0.1565      1232       640    0.1313    0.4875    0.1204   0.06475   0.01463    0.1435   0.01777
     37/49     1.09G   0.01881    0.1171   0.01764    0.1535      1040       640    0.1324    0.4834    0.1193   0.06792   0.01391    0.1422   0.01774
     38/49     1.09G   0.01792    0.1158   0.01761    0.1513      1509       640    0.1352    0.4954    0.1259   0.06875   0.01446    0.1468   0.01775
     39/49     1.09G    0.0174    0.1103   0.01763    0.1453       835       640    0.1409    0.4965    0.1239   0.06807    0.0142    0.1401    0.0178
     40/49     1.09G   0.01734    0.1164   0.01757    0.1513       913       640    0.1323    0.4856    0.1274   0.07856   0.01316    0.1375   0.01777
     41/49     1.09G   0.01695    0.1108   0.01761    0.1453      1046       640    0.1371    0.4975    0.1251   0.07702   0.01319    0.1306   0.01778
     42/49     1.09G   0.01751    0.1113   0.01756    0.1464       852       640    0.1325    0.4835    0.1289   0.07623   0.01345    0.1403   0.01775
     43/49     1.09G   0.01676    0.1133    0.0176    0.1477      1181       640    0.1357    0.5099    0.1348   0.07788   0.01431    0.1409   0.01771
     44/49     1.09G   0.01778    0.1094   0.01751    0.1447      1213       640    0.1362    0.4514    0.1277    0.0819   0.01257    0.1329   0.01776
     45/49     1.09G   0.01691    0.1071   0.01759    0.1415      1199       640    0.1438    0.4859    0.1271    0.0824   0.01236    0.1283   0.01777
     46/49     1.09G   0.01759     0.109   0.01755    0.1442      1184       640    0.1319    0.4748    0.1237   0.07401   0.01302    0.1516   0.01774
     47/49     1.09G   0.01702    0.1066   0.01754    0.1411       941       640     0.138    0.5049    0.1377   0.08075   0.01286    0.1273   0.01772
     48/49     1.09G   0.01716    0.1137   0.01747    0.1483      1232       640    0.1419    0.5068    0.1266   0.08844   0.01185    0.1224   0.01775
     49/49     1.09G    0.0164    0.1097   0.01754    0.1436       775       640    0.1462    0.5128    0.1363   0.08831   0.01213    0.1242   0.01776
