     0/499     3.39G   0.04698    0.0972   0.01964    0.1638      1124       640         0         0         0         0   0.04683   0.09132   0.01952
     1/499     3.38G   0.04675   0.08063   0.01942    0.1468      1020       640  0.001995  0.005582 3.195e-05 7.039e-06   0.04616    0.0765   0.01955
     2/499     3.39G   0.04604   0.07497   0.01924    0.1402      1333       640    0.0101   0.02168 0.0007498 0.0001173    0.0447    0.0829   0.01961
     3/499     3.39G   0.04398   0.08254   0.01907    0.1456      1217       640   0.01898   0.06862  0.002614  0.000406    0.0419   0.09916   0.01942
     4/499     3.39G   0.04051   0.09292   0.01871    0.1521      1380       640   0.04985    0.1921   0.02324  0.004349   0.03592    0.1232   0.01916
     5/499     3.39G    0.0365    0.1123   0.01846    0.1672      1403       640   0.07495    0.2823   0.03927  0.009657    0.0306     0.143   0.01863
     6/499     3.39G   0.03258    0.1238   0.01816    0.1745      1116       640   0.05914    0.2192   0.02193   0.00394   0.02849    0.1536   0.01832
     7/499     3.39G   0.03037    0.1288   0.01794    0.1771      1280       640    0.0953    0.3123   0.04451   0.01089   0.02645    0.1668   0.01819
     8/499     3.39G   0.02808    0.1407   0.01799    0.1867      1004       640    0.1047    0.3225   0.04311   0.01162   0.02266    0.1685    0.0182
     9/499     3.39G   0.02757    0.1448    0.0179    0.1903      1274       640   0.06403       0.2   0.01923  0.004027   0.02487    0.1693   0.01811
    10/499     3.39G   0.02635    0.1381   0.01785    0.1823      1320       640    0.1114    0.3643   0.05975   0.01665   0.02257     0.169   0.01805
    11/499     3.39G   0.02948     0.141    0.0178    0.1883      1608       640    0.1033    0.3284   0.05068  0.007735   0.02287     0.181   0.01815
    12/499     3.39G   0.02903    0.1495   0.01785    0.1964      1057       640   0.07917    0.2536   0.03327  0.006845    0.0205    0.2051   0.01808
    13/499     3.39G   0.02637    0.1484    0.0179    0.1927      1148       640   0.04419    0.1307   0.01074   0.00346   0.02457     0.188   0.01816
    14/499     3.39G   0.02605    0.1371   0.01784     0.181      1018       640    0.1009    0.3205    0.0458   0.01385   0.02181    0.1773   0.01806
    15/499     3.39G   0.02568    0.1434   0.01782    0.1869      1318       640   0.05235    0.1461   0.01137  0.003194   0.02367    0.1896   0.01793
    16/499     3.39G   0.02763    0.1353   0.01776    0.1806      1326       640   0.06854    0.2332   0.03168  0.005078   0.02718    0.1655   0.01799
    17/499     3.39G   0.02601    0.1338   0.01774    0.1776      1123       640    0.1294    0.3809    0.0715   0.01524   0.02021    0.1713    0.0179
    18/499     3.39G    0.0267    0.1397   0.01769    0.1841       953       640    0.1419    0.4586    0.1043   0.04469   0.01907    0.1548   0.01789
    19/499     3.39G   0.02358     0.137   0.01774    0.1783      1037       640    0.1248    0.4001   0.08107   0.01535   0.02198    0.1662   0.01789
    20/499     3.39G   0.02642    0.1622   0.01771    0.2063      1517       640    0.1501    0.4608    0.1061   0.03598   0.02022    0.1737   0.01781
    21/499     3.39G   0.02636    0.1316   0.01769    0.1756       943       640      0.12    0.3951    0.0789   0.02714   0.01891    0.1837   0.01788
    22/499     3.39G   0.02487    0.1225   0.01771    0.1651       884       640    0.1188    0.3642   0.07909   0.03304   0.02272    0.1922   0.01774
    23/499     3.39G   0.02449    0.1262   0.01764    0.1684      1026       640    0.1126    0.3435   0.05648    0.0176   0.01985    0.1631   0.01787
    24/499     3.39G   0.02497    0.1357   0.01768    0.1783       894       640    0.1364      0.43    0.1031   0.03754   0.02229    0.2347   0.01729
    25/499     3.39G   0.02444    0.1268   0.01766    0.1689      1000       640    0.1395    0.4171   0.09766   0.02633   0.01945    0.2054   0.01758
    26/499     3.39G   0.02529    0.1961   0.01765     0.239       841       640    0.1232    0.4229    0.0868    0.0291   0.02026    0.2534   0.01749
    27/499     3.39G    0.0252    0.1723   0.01764    0.2151      1326       640   0.05375    0.1651   0.02252  0.003814   0.02646    0.3261   0.01782
    28/499     3.39G   0.02568    0.1922   0.01775    0.2357      1263       640   0.06828     0.242   0.03492  0.006352    0.0238     0.194   0.01798
    29/499     3.39G   0.02389    0.1341   0.01782    0.1758      1069       640    0.1314     0.204   0.02362  0.003696   0.02726    0.2934   0.01809
    30/499     3.39G   0.02636    0.1381   0.01776    0.1822      1263       640   0.09963    0.3359   0.05469    0.0133   0.02157     0.177   0.01793
    31/499     3.39G   0.02416    0.1358   0.01775    0.1777       868       640    0.1414    0.3935   0.07444     0.028   0.01873     0.188   0.01781
    32/499     3.39G   0.02338    0.1352    0.0177    0.1763      1526       640    0.1277    0.4081   0.08325   0.02069    0.0232    0.2151   0.01761
    33/499     3.39G   0.02075    0.1288   0.01772    0.1673      1100       640    0.1255    0.3559   0.07595   0.01793   0.02871    0.2414   0.01723
    34/499     3.39G   0.02369    0.1335    0.0176    0.1748      1043       640      0.14    0.4303   0.09256   0.02724   0.02212    0.2121   0.01736
    35/499     3.39G   0.02315    0.1304   0.01759    0.1711      1083       640    0.1182    0.4804    0.1113   0.05576   0.01675    0.1784    0.0176
    36/499     3.39G   0.02121    0.1373   0.01765    0.1762       619       640    0.1191    0.4867    0.1166   0.04855   0.01801    0.1836   0.01756
    37/499     3.39G   0.02106    0.1252   0.01763    0.1639      1110       640    0.1204    0.4888    0.1137   0.06133    0.0159    0.1734   0.01759
    38/499     3.39G   0.02196    0.1253   0.01759    0.1648      1098       640      0.12    0.4832    0.1137   0.05839   0.01545    0.1634   0.01769
    39/499     3.39G   0.01993    0.1208   0.01758    0.1583      1218       640    0.1249    0.4635    0.1164    0.0538   0.01827    0.2043   0.01713
    40/499     3.39G    0.0205    0.1245   0.01758    0.1626      1030       640    0.1338    0.4708    0.1173   0.04114   0.01943    0.1918   0.01721
    41/499     3.39G   0.02077    0.1277   0.01761    0.1661       904       640    0.1225    0.4736    0.1096   0.06262   0.01438    0.1615   0.01771
    42/499     3.39G   0.01928    0.1201   0.01755    0.1569      1166       640     0.152    0.5011    0.1216   0.06317   0.01494    0.1651   0.01758
    43/499     3.39G   0.01874    0.1239   0.01757    0.1602       949       640    0.1334      0.49    0.1092   0.05535   0.01512    0.1656    0.0177
    44/499     3.39G   0.01955    0.1264   0.01752    0.1635      1019       640    0.1535    0.4894    0.1113   0.05917   0.01434    0.1471   0.01776
    45/499     3.39G   0.01896    0.1211   0.01758    0.1577      1195       640    0.1363     0.507    0.1208   0.07196   0.01388    0.1583   0.01744
    46/499     3.39G   0.01843    0.1185   0.01755    0.1544      1370       640    0.1534    0.5132    0.1234   0.07633   0.01284    0.1486   0.01766
    47/499     3.39G   0.01885    0.1136   0.01749    0.1499      1291       640    0.1409    0.4917    0.1095    0.0712   0.01222    0.1356    0.0177
    48/499     3.39G   0.01887     0.115   0.01747    0.1514      1236       640    0.1848    0.5065    0.1208   0.07251   0.01273    0.1394   0.01771
    49/499     3.39G   0.01888    0.1186   0.01744     0.155      1242       640    0.1488    0.5001    0.1059   0.04425   0.01737    0.2037    0.0176
    50/499     3.39G   0.01859    0.1159   0.01751     0.152      1304       640    0.1652    0.4969    0.1094   0.06736   0.01236     0.135   0.01771
    51/499     3.39G   0.01795    0.1173   0.01744    0.1527      1346       640     0.168    0.5103    0.1156   0.07166   0.01243    0.1335   0.01757
    52/499     3.39G   0.01699    0.1123   0.01753    0.1468      1006       640    0.1728    0.5035    0.1183   0.07874   0.01121    0.1295   0.01766
    53/499     3.39G   0.01846    0.1175   0.01745    0.1534      1332       640    0.1624    0.5199    0.1189   0.06368   0.01355    0.1399   0.01757
    54/499     3.39G   0.01768    0.1092   0.01745    0.1444      1153       640    0.1681    0.5184    0.1276   0.07545   0.01269    0.1308   0.01757
    55/499     3.39G   0.01798    0.1135   0.01744     0.149      1043       640    0.1866    0.5428    0.1382   0.08357   0.01254    0.1311   0.01758
    56/499     3.39G   0.01807    0.1106   0.01738    0.1461      1109       640    0.1833    0.5492     0.143   0.09426   0.01176    0.1418   0.01755
    57/499     3.39G   0.01755    0.1085   0.01739    0.1435      1284       640     0.171    0.4967    0.1291   0.08291   0.01391    0.1561   0.01718
    58/499     3.39G   0.01684    0.1139   0.01735    0.1481       951       640    0.2108    0.6238    0.2081    0.1329   0.01178    0.1283   0.01734
    59/499     3.39G   0.01811    0.1107   0.01731    0.1461      1259       640    0.1934    0.6098    0.1865    0.1103   0.01175    0.1275   0.01743
    60/499     3.39G   0.01911    0.1101   0.01727    0.1465      1244       640    0.2091    0.5873    0.1917    0.1203   0.01233    0.1236   0.01737
    61/499     3.39G   0.01689    0.1094   0.01726    0.1435      1582       640    0.2061    0.6238    0.1884    0.1144   0.01179    0.1288   0.01732
    62/499     3.39G   0.01727    0.1086   0.01719     0.143       982       640    0.2038    0.6196    0.1869    0.1186   0.01095    0.1368   0.01734
    63/499     3.39G   0.01764    0.1104   0.01719    0.1452       977       640    0.2025     0.632    0.1877    0.1333  0.009982    0.1134   0.01737
    64/499     3.39G    0.0161    0.1053   0.01715    0.1386      1006       640    0.2173    0.6197    0.2112    0.1497   0.01112    0.1148   0.01717
    65/499     3.39G   0.01662     0.111   0.01713    0.1448      1279       640     0.205    0.6132    0.2066    0.1288   0.01194     0.123   0.01711
    66/499     3.39G   0.01662    0.1026   0.01715    0.1363      1089       640    0.2066    0.5804    0.1883     0.122   0.01089    0.1202   0.01731
    67/499     3.39G    0.0162    0.1078   0.01715    0.1412      1237       640     0.222    0.6452    0.2225    0.1467   0.01086    0.1139   0.01714
    68/499     3.39G   0.01646    0.1055   0.01697    0.1389       951       640    0.2164    0.6212    0.2253    0.1424    0.0114    0.1326   0.01698
    69/499     3.39G   0.01581    0.1059   0.01699    0.1387       922       640    0.2318    0.6096    0.2296    0.1523   0.01055     0.121   0.01679
    70/499     3.39G   0.01664      0.11   0.01692    0.1436      1311       640    0.2222    0.6297    0.2281    0.1566   0.01039    0.1203   0.01693
    71/499     3.39G   0.01767    0.1139   0.01687    0.1485      1108       640    0.2029    0.5873    0.2072    0.1261   0.01219    0.1338   0.01677
    72/499     3.39G   0.01689    0.1107   0.01691    0.1445      1251       640    0.2169    0.6132    0.2332    0.1485   0.01089    0.1206   0.01683
    73/499     3.39G   0.01639    0.1105   0.01685    0.1437      1165       640    0.2227    0.6298    0.2353    0.1619   0.01078    0.1141   0.01681
    74/499     3.39G   0.01628     0.107   0.01677      0.14      1118       640    0.2365    0.6393    0.2518    0.1467    0.0116     0.123   0.01646
    75/499     3.39G    0.0172    0.1061   0.01671      0.14      1057       640    0.2222    0.6617    0.2449    0.1534   0.01144    0.1274   0.01658
    76/499     3.39G   0.01583    0.1059   0.01672    0.1384      1117       640    0.2338    0.6923    0.2592    0.1875  0.009733    0.1095   0.01663
    77/499     3.39G   0.01638    0.1095   0.01679    0.1426      1011       640    0.2282    0.6537    0.2425     0.156   0.01077    0.1306   0.01671
    78/499     3.39G   0.01565    0.1023   0.01674    0.1347       728       640    0.2181    0.6324    0.2215    0.1436   0.01164     0.138   0.01655
    79/499     3.39G   0.01715    0.1032   0.01659    0.1369      1195       640    0.2201    0.6286    0.2438    0.1669   0.01089    0.1351   0.01649
    80/499     3.39G   0.01454    0.1022   0.01657    0.1333       824       640    0.2303     0.665    0.2516     0.176   0.01001    0.1113   0.01652
    81/499     3.39G   0.01647    0.1058   0.01656    0.1388       868       640    0.2293     0.666    0.2589    0.1704   0.01055    0.1151    0.0164
    82/499     3.39G   0.01652    0.1126   0.01648    0.1456      1103       640     0.218    0.6774    0.2495     0.152   0.01085     0.129   0.01642
    83/499     3.39G    0.0162    0.1057   0.01643    0.1383      1811       640    0.2314    0.6897    0.2576    0.1682   0.01073    0.1122   0.01636
    84/499     3.39G   0.01629    0.1073   0.01638      0.14      1179       640    0.2279    0.6803    0.2601     0.168   0.01072    0.1194   0.01629
    85/499     3.39G   0.01635    0.1055   0.01636    0.1382      1215       640    0.2248    0.6758    0.2591     0.142   0.01251    0.1392   0.01627
    86/499     3.39G   0.01602    0.1065    0.0164    0.1389      1359       640    0.2211    0.6342    0.2201    0.1588   0.01054    0.1122   0.01684
    87/499     3.39G   0.01583     0.103   0.01646    0.1353       951       640    0.3764     0.681    0.2491    0.1738  0.009852    0.1127   0.01651
    88/499     3.39G   0.01626    0.1001   0.01629    0.1326       932       640    0.2312    0.6749     0.257    0.1823  0.009436    0.1099   0.01638
    89/499     3.39G   0.01668    0.1058   0.01647     0.139       987       640    0.2229     0.646    0.2289    0.1479   0.01036    0.1042   0.01679
    90/499     3.39G   0.01572    0.1022   0.01645    0.1344       990       640    0.2219    0.6806     0.249    0.1782  0.009576    0.1073   0.01656
    91/499     3.39G   0.01497    0.1013   0.01624    0.1325      1091       640    0.2323    0.7188    0.2795    0.1927   0.01017    0.1031   0.01606
    92/499     3.39G   0.01616    0.1049   0.01616    0.1372      1237       640    0.2263    0.6903    0.2556    0.1629   0.01023    0.1048   0.01645
    93/499     3.39G   0.01561    0.1048   0.01627    0.1366       931       640    0.2333     0.705     0.269    0.1855  0.009772    0.1113   0.01618
    94/499     3.39G   0.01554    0.1055   0.01614    0.1372       929       640    0.2368    0.6815    0.2695    0.1951  0.009609    0.1055   0.01618
    95/499     3.39G   0.01656    0.1044   0.01615    0.1371       772       640    0.2289    0.7053    0.2655    0.1537   0.01138    0.1201   0.01629
    96/499     3.39G   0.01656    0.1083   0.01612    0.1409      1107       640     0.235    0.7167    0.2757    0.1955   0.01046    0.1065    0.0161
    97/499     3.39G   0.01553   0.09769   0.01608    0.1293      1681       640    0.3784    0.7282    0.2778    0.1943   0.01005    0.1103   0.01596
    98/499     3.39G   0.01604    0.1047   0.01608    0.1368       898       640    0.3687    0.6787    0.2492    0.1821  0.009465    0.1005   0.01642
    99/499     3.39G   0.01446    0.1006   0.01603    0.1311      1045       640    0.3684    0.7016    0.2564    0.1928  0.008839   0.09726   0.01609
   100/499     3.39G    0.0154    0.1062   0.01606    0.1376       766       640    0.2571    0.6737    0.2484      0.19  0.009296    0.1006   0.01645
   101/499     3.39G   0.01537    0.1026   0.01606     0.134      1358       640    0.3729    0.7253    0.2652    0.1735   0.01008    0.1061   0.01603
   102/499     3.39G   0.01552   0.09961   0.01593    0.1311       754       640      0.23     0.718    0.2663    0.1856  0.009332   0.09778     0.016
   103/499     3.39G   0.01556   0.09828   0.01592    0.1298      1385       640    0.3756    0.7126    0.2733    0.1958  0.009451   0.09975   0.01601
   104/499     3.39G   0.01607    0.1072   0.01599    0.1393      1115       640    0.2561    0.6759    0.2485     0.175  0.009294     0.096   0.01637
   105/499     3.39G     0.015    0.1051   0.01595    0.1361      1050       640    0.2288    0.7253    0.2635    0.1954  0.009863    0.1075   0.01608
   106/499     3.39G   0.01649    0.1073   0.01596    0.1398      1575       640    0.2592    0.7122    0.2621    0.1889  0.009484    0.1071   0.01619
   107/499     3.39G   0.01362   0.09556   0.01602    0.1252       711       640    0.3822    0.7303    0.2805    0.1997  0.009715     0.105   0.01588
   108/499     3.39G    0.0158    0.1049   0.01587    0.1366      1237       640    0.2384    0.7172    0.2769    0.1968  0.009594    0.1214   0.01582
   109/499     3.39G   0.01486   0.09961   0.01599    0.1305      1143       640    0.2375    0.7178     0.279    0.1853   0.01026    0.1136   0.01584
   110/499     3.39G   0.01417   0.09529   0.01605    0.1255       995       640     0.255    0.7437    0.2777    0.1953  0.009233   0.09748   0.01589
   111/499     3.39G    0.0149     0.103    0.0159    0.1338       796       640    0.3806    0.7415    0.2787    0.1959  0.009936    0.1122   0.01579
   112/499     3.39G   0.01559    0.1059   0.01578    0.1373      1048       640    0.3863     0.736    0.2894    0.2114   0.00928   0.09997    0.0157
   113/499     3.39G   0.01572    0.1009   0.01576    0.1324      1169       640    0.3778    0.7211    0.2762    0.1999  0.009127    0.1098   0.01593
   114/499     3.39G   0.01463   0.09604    0.0158    0.1265      1143       640    0.2452    0.7542    0.2871    0.1769   0.01087    0.1157   0.01562
   115/499     3.39G    0.0159    0.1005   0.01578    0.1321      1140       640    0.3049    0.7387    0.2819    0.1976   0.01008     0.116   0.01574
   116/499     3.39G   0.01542   0.09588    0.0157     0.127       753       640    0.2612    0.7626      0.29    0.2049  0.009417   0.09868   0.01555
   117/499     3.39G   0.01484    0.1023   0.01564    0.1328      1094       640    0.3824    0.7525    0.2862    0.1949   0.01038    0.1146   0.01555
   118/499     3.39G   0.01499   0.09997   0.01568    0.1306      1122       640    0.2617    0.7339    0.2704    0.1988  0.009012   0.09387   0.01599
   119/499     3.39G   0.01402   0.09751   0.01573    0.1273       787       640    0.2585    0.7683    0.2911     0.212  0.009502    0.0943    0.0156
   120/499     3.39G   0.01476   0.09862    0.0156     0.129      1164       640    0.2512    0.7531     0.286    0.2179   0.00866   0.09409   0.01556
   121/499     3.39G   0.01401   0.09351   0.01561    0.1231      1312       640    0.2555    0.7579    0.2851    0.2139   0.00918   0.09166   0.01559
   122/499     3.39G   0.01444    0.1026    0.0157    0.1327       937       640    0.2645    0.7603    0.2866    0.1899   0.01051    0.1112   0.01562
   123/499     3.39G   0.01538       0.1   0.01566    0.1311      1151       640     0.266    0.7723    0.2888    0.2117  0.009181   0.09401   0.01558
   124/499     3.39G   0.01494   0.09754   0.01566    0.1281       866       640    0.2518    0.7115    0.2635     0.196  0.009008   0.09355     0.016
   125/499     3.39G   0.01475   0.09884   0.01568    0.1293      1699       640     0.262     0.763    0.2857    0.2083  0.009296    0.1018   0.01553
   126/499     3.39G   0.01472    0.1008   0.01556    0.1311       929       640    0.2511    0.7447    0.2805    0.1947  0.009965    0.1056   0.01562
   127/499     3.39G   0.01454   0.09491   0.01553     0.125       908       640    0.2564    0.7396    0.2734    0.2087  0.008625   0.09385   0.01575
   128/499     3.39G   0.01448    0.1001   0.01554    0.1301       828       640    0.2638    0.7614    0.2878    0.2172   0.00883   0.08984   0.01567
   129/499     3.39G   0.01499   0.09715   0.01559    0.1277      1067       640    0.2596    0.7379    0.2758    0.2095  0.008889   0.08996   0.01584
   130/499     3.39G   0.01379   0.09648   0.01546    0.1257      1339       640    0.2601    0.7464    0.2779    0.2168  0.008439   0.09028   0.01573
   131/499     3.39G   0.01388    0.0924   0.01541    0.1217      1026       640    0.2658    0.7755    0.2913    0.2142  0.009054   0.08891   0.01545
   132/499     3.39G   0.01494    0.1044   0.01556    0.1349       961       640    0.2516    0.7307    0.2681    0.2046  0.009154   0.09687   0.01582
   133/499     3.39G   0.01416   0.09664   0.01569    0.1265       970       640    0.2682    0.7581    0.2776    0.2116  0.008938   0.09821    0.0158
   134/499     3.39G   0.01517   0.09974   0.01567    0.1306       955       640    0.2658    0.7773    0.2985    0.2281  0.008699   0.09648   0.01555
   135/499     3.39G   0.01535   0.09808   0.01556     0.129      1252       640    0.2554    0.7378    0.2726    0.1937  0.009251   0.09615   0.01574
   136/499     3.39G   0.01493    0.1044   0.01554    0.1349       764       640    0.2534    0.7365    0.2705    0.2101  0.008428   0.09244   0.01572
   137/499     3.39G   0.01372    0.1003    0.0155    0.1296      1350       640    0.2494    0.7146    0.2573     0.199  0.008832    0.1011   0.01596
   138/499     3.39G   0.01402   0.09353   0.01546     0.123      1410       640    0.2719    0.7833    0.2938    0.2123  0.009156    0.1018   0.01542
   139/499     3.39G   0.01307   0.08999   0.01547    0.1185      1504       640    0.2669    0.7522    0.2841    0.2199  0.008574   0.09336   0.01562
   140/499     3.39G   0.01334   0.09757   0.01546    0.1264      1125       640    0.2638    0.7732    0.2885    0.2211  0.008764   0.09355   0.01553
   141/499     3.39G   0.01383   0.09433   0.01543    0.1236       844       640    0.2713    0.7739    0.2895    0.2193  0.008646   0.08808   0.01556
   142/499     3.39G   0.01434   0.09549   0.01542    0.1252      1164       640    0.2586    0.7309    0.2732    0.2118  0.008599   0.09062   0.01579
   143/499     3.39G   0.01486   0.09745   0.01538    0.1277      1371       640    0.2597    0.7507    0.2788    0.2044  0.008821    0.0893   0.01557
   144/499     3.39G   0.01398   0.09626   0.01544    0.1257      1016       640    0.2659    0.7732    0.2835    0.2142  0.008816   0.08679   0.01546
   145/499     3.39G   0.01472   0.09181   0.01548     0.122      1481       640    0.2693    0.7911    0.2938    0.2206  0.008671    0.0845   0.01534
   146/499     3.39G   0.01307   0.09249   0.01538    0.1209      1506       640    0.2644    0.7696    0.2855    0.2235  0.008423   0.08566   0.01545
   147/499     3.39G   0.01418   0.09403   0.01533    0.1235       958       640    0.2699    0.7922    0.2979    0.2263   0.00885   0.08875   0.01525
   148/499     3.39G   0.01365   0.09343    0.0153    0.1224      1077       640    0.2619    0.7425    0.2772    0.2185  0.008772    0.0842   0.01567
   149/499     3.39G   0.01369   0.09342   0.01533    0.1224       874       640    0.2671    0.7631    0.2839    0.2016  0.009124   0.08568    0.0156
   150/499     3.39G   0.01455    0.0907   0.01526    0.1205      1053       640    0.2727    0.7879    0.2942    0.2329  0.008261   0.07993    0.0154
   151/499     3.39G   0.01333   0.09252   0.01528    0.1211       717       640    0.2641    0.7588     0.278    0.2134  0.008549   0.08347   0.01559
   152/499     3.39G    0.0148   0.09282   0.01534     0.123      1293       640    0.2602    0.7361     0.256    0.2022  0.008606   0.08891   0.01591
   153/499     3.39G   0.01432    0.0934   0.01532     0.123      1324       640    0.2575    0.7344    0.2716    0.2017  0.008912   0.08885   0.01571
   154/499     3.39G   0.01449   0.09204   0.01526    0.1218      1007       640    0.2693    0.7857     0.294    0.2266  0.008607   0.08386   0.01532
   155/499     3.39G   0.01439   0.09347   0.01523    0.1231      1740       640    0.2747    0.7988    0.2979    0.2145  0.009341   0.09023   0.01523
   156/499     3.39G   0.01414   0.09534   0.01527    0.1248      1374       640    0.2686    0.7853    0.2893    0.2201  0.008706   0.08091    0.0153
   157/499     3.39G    0.0134   0.09317   0.01529    0.1219      1366       640     0.273    0.8059    0.2957     0.222  0.008725   0.07951   0.01512
   158/499     3.39G   0.01343   0.09494   0.01524    0.1236       863       640    0.2716    0.8047    0.2947     0.226  0.009101   0.08174   0.01513
   159/499     3.39G   0.01321   0.09088   0.01532    0.1194      1208       640    0.2729    0.7931    0.2928    0.2289  0.008318    0.0767   0.01525
   160/499     3.39G   0.01429   0.09678   0.01522    0.1263      1032       640    0.2752    0.7962    0.2983    0.2329   0.00844   0.08152   0.01523
   161/499     3.39G   0.01441   0.09648   0.01526    0.1262       974       640    0.2712     0.797    0.3055    0.2123   0.01033   0.09949   0.01504
   162/499     3.39G   0.01418   0.09376   0.01529    0.1232      1254       640    0.2794    0.8067    0.3051    0.2412  0.008316   0.08641   0.01516
   163/499     3.39G   0.01418   0.09145   0.01523    0.1209      1316       640    0.2686    0.7704    0.2872    0.2204  0.008582   0.08575   0.01539
   164/499     3.39G   0.01337   0.09016   0.01517    0.1187       708       640     0.268    0.7947    0.2994    0.2205  0.009233   0.08503   0.01502
   165/499     3.39G   0.01575   0.09324   0.01525    0.1242      1456       640    0.2777    0.8158    0.3046     0.222  0.009477   0.09148   0.01504
   166/499     3.39G   0.01554   0.09871   0.01521    0.1295      1489       640    0.2715    0.7996    0.2998    0.2317  0.008545   0.08301    0.0151
   167/499     3.39G   0.01324   0.08954   0.01516    0.1179       984       640    0.2714    0.7931    0.3001    0.2342  0.008426    0.0826   0.01518
   168/499     3.39G    0.0138   0.08966   0.01511    0.1186      1404       640    0.2774    0.8137    0.3051    0.2409  0.008163   0.07845    0.0151
   169/499     3.39G    0.0145   0.09765    0.0152    0.1274      1106       640    0.2787    0.8048    0.2936     0.231  0.008318   0.08674   0.01534
   170/499     3.39G   0.01285   0.09261    0.0152    0.1207       733       640    0.2764    0.8056    0.2993    0.2382  0.008412   0.07854   0.01525
   171/499     3.39G   0.01327   0.08959   0.01516     0.118       960       640    0.2723    0.7831    0.2958    0.2369  0.008129   0.07646   0.01534
   172/499     3.39G   0.01361   0.08961   0.01514    0.1184      1124       640    0.2751    0.8116    0.3034    0.2359  0.008955   0.08086   0.01505
   173/499     3.39G   0.01382   0.08927   0.01516    0.1182       745       640     0.277    0.8082    0.3017     0.242  0.008013   0.07949     0.015
   174/499     3.39G   0.01361   0.08828   0.01512     0.117      1103       640    0.2731    0.7887    0.2938    0.2283  0.008213   0.08073   0.01525
   175/499     3.39G   0.01293   0.08926    0.0151    0.1173      1086       640    0.2627    0.7193    0.2603    0.2078  0.008182   0.08625   0.01595
   176/499     3.39G   0.01355   0.08832    0.0151     0.117       852       640    0.2759    0.8042    0.3015    0.2313  0.008625   0.08137   0.01512
   177/499     3.39G   0.01465   0.09493   0.01512    0.1247      1038       640    0.2783    0.8141    0.3071    0.2375  0.008688   0.08389    0.0151
   178/499     3.39G   0.01373   0.09209   0.01514     0.121      1565       640    0.2736    0.8029    0.2957     0.227  0.008691   0.08055    0.0151
   179/499     3.39G   0.01365   0.09047   0.01505    0.1192      1211       640    0.2788    0.7976    0.2974    0.2333  0.008489   0.07975   0.01518
   180/499     3.39G   0.01324   0.08745   0.01503    0.1157      1044       640     0.274    0.7864    0.2944     0.235  0.008063   0.07702    0.0153
   181/499     3.39G   0.01252   0.08764   0.01503    0.1152      1248       640    0.2783    0.8048    0.3024    0.2356  0.008501   0.08421   0.01515
   182/499     3.39G   0.01336   0.09175   0.01501    0.1201      1190       640     0.278    0.8058    0.2966    0.2379  0.008252   0.08188   0.01531
   183/499     3.39G   0.01333   0.09229   0.01508    0.1207      1228       640    0.2714    0.7696    0.2856    0.2295     0.008   0.08574   0.01544
   184/499     3.39G   0.01359   0.09361    0.0151    0.1223      1768       640    0.2785    0.8093    0.2994    0.2296  0.008815   0.08026   0.01518
   185/499     3.39G   0.01285   0.09794   0.01498    0.1258       987       640    0.2735    0.8035    0.3066    0.2308  0.008655   0.08925   0.01486
   186/499     3.39G   0.01336   0.09312   0.01505    0.1215       976       640    0.2816    0.8039    0.3075    0.2381  0.008481   0.08896   0.01497
   187/499     3.39G   0.01334    0.0874   0.01509    0.1158       965       640    0.2809    0.8197    0.3058    0.2452  0.008278   0.08811   0.01504
   188/499     3.39G     0.013   0.08725   0.01502    0.1153      1560       640    0.2815    0.8241    0.3089     0.239  0.008559   0.09525   0.01506
   189/499     3.39G    0.0129   0.09063   0.01495    0.1185      1124       640    0.2833    0.8313    0.3146    0.2443  0.008586   0.09058   0.01491
   190/499     3.39G   0.01298   0.08834   0.01503    0.1163      1136       640    0.2723    0.7716    0.2872    0.2297   0.00801    0.0867   0.01541
   191/499     3.39G   0.01261   0.09028   0.01502    0.1179      1044       640    0.2743     0.788    0.2921    0.2327   0.00804   0.08173   0.01519
   192/499     3.39G   0.01269   0.09023   0.01501    0.1179      1096       640    0.2845    0.8258    0.3138    0.2495  0.008167   0.07781   0.01492
   193/499     3.39G   0.01435   0.09134   0.01504    0.1207      1380       640    0.2837    0.8215    0.3162    0.2448  0.008521   0.08076   0.01484
   194/499     3.39G   0.01281   0.09039     0.015    0.1182      1186       640    0.2766    0.8028    0.2988    0.2381  0.008028   0.07995   0.01513
   195/499     3.39G   0.01312   0.09083   0.01505     0.119       668       640    0.2719    0.8006    0.2964      0.23  0.008491    0.0795   0.01502
   196/499     3.39G   0.01396   0.09426   0.01499    0.1232       852       640    0.2711    0.7981    0.2961    0.2186  0.008951   0.08423   0.01503
   197/499     3.39G    0.0127   0.09525   0.01501     0.123       930       640    0.2637    0.7368    0.2622    0.2092  0.008243    0.0797   0.01592
   198/499     3.39G   0.01317   0.08799   0.01495    0.1161      1241       640    0.2829    0.8226    0.3091    0.2356  0.008749   0.07968     0.015
   199/499     3.39G   0.01355   0.09322   0.01489    0.1217       739       640    0.2893    0.8363     0.316    0.2471  0.008397   0.09403   0.01493
   200/499     3.39G   0.01423   0.09875   0.01502     0.128      1061       640    0.2819    0.8124    0.3042    0.2477  0.007814   0.08139   0.01517
   201/499     3.39G   0.01263   0.09074   0.01496    0.1183      1092       640    0.2719    0.7883    0.2891    0.2263  0.008209   0.08281   0.01527
   202/499     3.39G   0.01302   0.08932   0.01498    0.1173      1112       640    0.2734    0.7877    0.2942    0.2305  0.008355   0.08189   0.01505
   203/499     3.39G   0.01324   0.09008   0.01498    0.1183      1113       640    0.2754    0.8004    0.2952    0.2257  0.008726   0.07893   0.01517
   204/499     3.39G   0.01385   0.09176   0.01508    0.1207      1243       640    0.2713    0.7688    0.2755     0.224  0.007824   0.07281   0.01559
   205/499     3.39G   0.01361   0.08668   0.01499    0.1153      1080       640     0.274    0.7968    0.2967    0.2236  0.008741   0.07764   0.01511
   206/499     3.39G   0.01311   0.09054   0.01488    0.1185      1140       640    0.2813    0.8263    0.3152    0.2535   0.00799   0.07481   0.01481
   207/499     3.39G   0.01301   0.09077   0.01488    0.1187       778       640    0.2821    0.8178    0.3178    0.2524  0.008036   0.07587   0.01467
   208/499     3.39G   0.01284    0.0856   0.01493    0.1134      1116       640    0.2832    0.8344    0.3089    0.2482  0.008061   0.08414   0.01491
   209/499     3.39G   0.01325    0.0931   0.01492    0.1213      1030       640    0.2825    0.8315    0.3087    0.2502   0.00791   0.07516   0.01496
   210/499     3.39G   0.01287   0.09151   0.01497    0.1194      1142       640    0.2845    0.8214    0.3085    0.2421  0.008361   0.07789     0.015
   211/499     3.39G   0.01264   0.08682   0.01493    0.1144      1099       640    0.2818    0.8197     0.309    0.2448  0.008137   0.07466   0.01493
   212/499     3.39G   0.01243   0.08623   0.01482    0.1135      1039       640    0.2793    0.7994    0.3024    0.2415  0.007971   0.07259   0.01506
   213/499     3.39G   0.01413   0.09382   0.01493    0.1229      1460       640    0.2812     0.828    0.3095    0.2476  0.008101   0.07502   0.01489
   214/499     3.39G   0.01242   0.09097   0.01491    0.1183       777       640    0.2776     0.802    0.2932    0.2371  0.007891   0.07262   0.01521
   215/499     3.39G   0.01225   0.08355   0.01491    0.1107       979       640    0.2727    0.7834    0.2807    0.2256   0.00792   0.07585   0.01545
   216/499     3.39G   0.01314   0.09042   0.01487    0.1184       840       640    0.2766    0.8141    0.3061    0.2372   0.00875   0.08607   0.01495
   217/499     3.39G   0.01293   0.08811   0.01487    0.1159      1344       640     0.282    0.8241    0.3112    0.2469  0.008276   0.08432   0.01483
   218/499     3.39G   0.01183    0.0893   0.01498    0.1161       963       640    0.2808    0.8235    0.3087    0.2413  0.008445   0.07794   0.01492
   219/499     3.39G    0.0123   0.08777    0.0149     0.115      1494       640    0.2849    0.8206    0.3135    0.2552  0.007685   0.07231   0.01491
   220/499     3.39G   0.01307   0.09179   0.01495    0.1198       833       640    0.2798    0.8057    0.3043    0.2475  0.007705    0.0749   0.01505
   221/499     3.39G   0.01223    0.0879   0.01492    0.1151       874       640    0.2712     0.756    0.2738    0.2214    0.0078   0.07248   0.01558
   222/499     3.39G   0.01253   0.08654   0.01487    0.1139      1694       640    0.2745    0.7902    0.2883    0.2282  0.008259   0.07557   0.01519
   223/499     3.39G   0.01292   0.09099   0.01487    0.1188      1065       640     0.274    0.7989    0.2908    0.2387  0.007645   0.07262   0.01508
   224/499     3.39G   0.01202   0.08497   0.01478    0.1118       845       640    0.2785     0.789    0.2882    0.2313  0.007878   0.07441   0.01533
   225/499     3.39G   0.01212    0.0887   0.01482    0.1156       938       640    0.2834    0.8223    0.3025    0.2455   0.00795   0.07443   0.01505
   226/499     3.39G   0.01202   0.08451   0.01475    0.1113      1179       640     0.284    0.8314     0.314    0.2529  0.007758   0.07037   0.01487
   227/499     3.39G   0.01256   0.08865   0.01487    0.1161       893       640    0.2857    0.8229    0.3144    0.2549  0.007652   0.07055   0.01483
   228/499     3.39G   0.01213   0.08578   0.01482    0.1127      1440       640    0.2802    0.8146    0.3074    0.2459  0.008046   0.07308   0.01496
   229/499     3.39G   0.01225   0.08838   0.01478    0.1154      1136       640    0.2801    0.8278    0.3086    0.2399  0.008303   0.07455   0.01483
   230/499     3.39G    0.0138   0.09312    0.0149    0.1218      1154       640    0.2793     0.805    0.3015    0.2423  0.007804   0.07273   0.01497
   231/499     3.39G   0.01139    0.0844   0.01478    0.1106      1151       640    0.2836    0.8273    0.3096    0.2505  0.007783   0.07045   0.01493
   232/499     3.39G   0.01208   0.08335    0.0147    0.1101      1059       640    0.2865    0.8321    0.3167    0.2511  0.007976   0.07452   0.01471
   233/499     3.39G   0.01228    0.0866   0.01476    0.1136       915       640    0.2802    0.8161    0.3053    0.2285  0.008926   0.07868    0.0149
   234/499     3.39G   0.01162   0.08177   0.01471    0.1081      1130       640    0.2761     0.798    0.2915    0.2347   0.00794   0.07472   0.01512
   235/499     3.39G   0.01237   0.08213   0.01475    0.1093      1702       640    0.2824    0.8257    0.3059    0.2482  0.007903   0.07316   0.01489
   236/499     3.39G   0.01245   0.08322   0.01479    0.1105      1206       640    0.2837    0.8323    0.3099    0.2536  0.007665    0.0714   0.01476
   237/499     3.39G   0.01183   0.08256   0.01471    0.1091       830       640    0.2834    0.8395    0.3163    0.2403  0.008706   0.08258   0.01455
   238/499     3.39G   0.01274   0.08985   0.01474    0.1173      1705       640    0.2832    0.8305    0.3061    0.2394  0.008391    0.0756   0.01489
   239/499     3.39G   0.01281   0.08608   0.01482    0.1137       846       640    0.2822    0.8278    0.3067    0.2512  0.007647   0.06952   0.01488
   240/499     3.39G   0.01193   0.08174   0.01468    0.1083      1303       640     0.284    0.8253    0.3047    0.2474  0.008028   0.07626   0.01497
   241/499     3.39G   0.01224   0.09161   0.01475    0.1186      1200       640     0.279    0.8314     0.318    0.2579  0.007807    0.0758   0.01454
   242/499     3.39G   0.01145   0.08381   0.01472      0.11       943       640    0.2845    0.8279    0.3127    0.2537  0.007772   0.07094   0.01471
   243/499     3.39G   0.01162   0.08075   0.01471    0.1071       700       640    0.2828    0.8103    0.3015    0.2467  0.007602   0.07045   0.01492
   244/499     3.39G   0.01272    0.0907   0.01471    0.1181      1503       640    0.2877    0.8244    0.3149     0.258  0.007569   0.07307   0.01472
   245/499     3.39G   0.01235   0.08604   0.01475    0.1131       959       640    0.2826    0.7917    0.3007    0.2455  0.007617    0.0717   0.01497
   246/499     3.39G   0.01246   0.08487   0.01478    0.1121      1125       640    0.2809    0.8157    0.3009    0.2388  0.008157   0.07669   0.01497
   247/499     3.39G   0.01211   0.08419   0.01473     0.111      1134       640    0.2779    0.8106    0.2955    0.2409  0.007934   0.07283   0.01502
   248/499     3.39G   0.01137   0.08111   0.01469    0.1072      1076       640    0.2767    0.8009    0.2909    0.2383   0.00768   0.07195   0.01516
   249/499     3.39G   0.01253   0.09148   0.01476    0.1188      1223       640    0.2827    0.8235    0.3083    0.2521  0.007503    0.0728   0.01474
   250/499     3.39G   0.01212   0.08499   0.01473    0.1118      1074       640    0.2843     0.821    0.3076    0.2463  0.007856   0.07609   0.01498
   251/499     3.39G   0.01271   0.08417   0.01474    0.1116      1075       640    0.2893    0.8371    0.3217    0.2595  0.007781   0.07242   0.01458
   252/499     3.39G   0.01256   0.08645    0.0148    0.1138       950       640    0.2837     0.773    0.2917    0.2403  0.007786   0.07115   0.01534
   253/499     3.39G   0.01182   0.08579   0.01476    0.1124      1142       640    0.2874     0.821     0.312    0.2528  0.007763   0.07045   0.01487
   254/499     3.39G   0.01184   0.07812   0.01475    0.1047       864       640    0.2883    0.8356     0.317    0.2573  0.007633   0.07004   0.01476
   255/499     3.39G   0.01226   0.08733   0.01469    0.1143      1053       640    0.2902    0.8423    0.3192    0.2596  0.007727    0.0751   0.01483
   256/499     3.39G   0.01347   0.09173   0.01478      0.12      1808       640    0.2919    0.8413    0.3271    0.2553  0.008361   0.07715   0.01452
   257/499     3.39G   0.01243   0.08563   0.01464    0.1127       897       640    0.2881    0.8401    0.3204     0.265  0.007446   0.07075   0.01456
   258/499     3.39G   0.01171   0.08423   0.01463    0.1106      1050       640    0.2924    0.8245     0.322    0.2676  0.007425   0.06878   0.01465
   259/499     3.39G   0.01202   0.08488   0.01472    0.1116      1028       640    0.2861    0.8199    0.3006    0.2454  0.007872   0.07263   0.01515
   260/499     3.39G   0.01227   0.08463   0.01464    0.1115      1468       640    0.2878     0.825    0.3055    0.2491  0.007618   0.06861   0.01495
   261/499     3.39G   0.01173   0.07872   0.01468    0.1051       912       640    0.2884    0.8327    0.3119    0.2542  0.007681   0.06847   0.01475
   262/499     3.39G   0.01255    0.0822    0.0147    0.1094      1215       640    0.2859    0.8354    0.3125     0.255  0.007655   0.06986   0.01472
   263/499     3.39G   0.01123   0.08527   0.01459    0.1111      1362       640    0.2821    0.7994    0.2996    0.2417  0.008037    0.0776   0.01525
   264/499     3.39G   0.01151   0.08384   0.01463      0.11       860       640    0.2877    0.8339     0.317    0.2611  0.007609    0.0703   0.01475
   265/499     3.39G   0.01178    0.0794   0.01463    0.1058      1128       640    0.2879    0.8271    0.3196    0.2646  0.007491   0.06764   0.01455
   266/499     3.39G   0.01216   0.08575   0.01466    0.1126      1229       640    0.2864    0.8467    0.3257    0.2664  0.007516   0.07066   0.01441
   267/499     3.39G   0.01122    0.0857   0.01469    0.1116      1174       640      0.29    0.8516    0.3286    0.2685  0.007475   0.06813    0.0145
   268/499     3.39G    0.0125   0.08342   0.01461    0.1105      1086       640     0.293    0.8502    0.3282    0.2706   0.00751   0.06991   0.01449
   269/499     3.39G   0.01195   0.08397   0.01463    0.1105      1280       640    0.2882    0.8464    0.3178    0.2592  0.007671   0.07172   0.01481
   270/499     3.39G   0.01171   0.08288   0.01461    0.1092       988       640    0.2879    0.8368    0.3151     0.258  0.007621   0.06828   0.01479
   271/499     3.39G   0.01247   0.08196   0.01465    0.1091       752       640    0.2815    0.8192    0.3018    0.2448  0.007636    0.0704   0.01486
   272/499     3.39G   0.01195   0.08109   0.01459    0.1076       960       640    0.2856     0.819    0.3098    0.2587  0.007399   0.06838   0.01502
   273/499     3.39G   0.01174   0.08389   0.01455    0.1102      1193       640      0.28    0.7819    0.2973    0.2442  0.007596   0.07185   0.01516
   274/499     3.39G   0.01224   0.08291   0.01466    0.1098      1240       640    0.2939    0.8394    0.3247     0.268   0.00753   0.07898   0.01474
   275/499     3.39G   0.01147    0.0822   0.01459    0.1083      1404       640    0.2928    0.8282    0.3221    0.2619  0.007766   0.07441   0.01458
   276/499     3.39G   0.01204   0.08449   0.01463    0.1112       907       640    0.2859    0.8434    0.3183    0.2616  0.007536   0.07634   0.01452
   277/499     3.39G   0.01095    0.0833   0.01456    0.1088      1239       640    0.2953     0.847    0.3242    0.2638  0.007649     0.075   0.01451
   278/499     3.39G   0.01201    0.0844   0.01464     0.111      1252       640    0.2884    0.8285    0.3091    0.2507  0.007747   0.07154   0.01483
   279/499     3.39G   0.01164   0.08329   0.01457    0.1095       931       640    0.2851    0.8193    0.3067    0.2511  0.007453   0.06938   0.01485
   280/499     3.39G   0.01179   0.08045   0.01456    0.1068      1312       640    0.2901    0.8404    0.3179    0.2524  0.008012   0.07467   0.01465
   281/499     3.39G   0.01136   0.08491   0.01457    0.1108       843       640    0.2965    0.8606    0.3345    0.2744  0.007543   0.07298   0.01445
   282/499     3.39G   0.01111   0.07867   0.01455    0.1043      1386       640    0.2961    0.8557    0.3248    0.2695  0.007422   0.06854   0.01459
   283/499     3.39G   0.01149   0.08235   0.01456    0.1084      1144       640    0.2885     0.821    0.3107    0.2558  0.007481   0.06935   0.01494
   284/499     3.39G   0.01174   0.08222   0.01453    0.1085       902       640    0.2923    0.8361     0.323    0.2642  0.007582   0.07001   0.01467
   285/499     3.39G    0.0123   0.08402   0.01456    0.1109      1173       640       0.3    0.8349    0.3349    0.2746  0.007744   0.07113   0.01445
   286/499     3.39G    0.0114   0.07725    0.0145    0.1031      1380       640    0.2962    0.8605    0.3297    0.2728  0.007541   0.07105   0.01456
   287/499     3.39G   0.01181   0.08296   0.01466    0.1094       915       640    0.2933    0.8471    0.3218    0.2651  0.007464   0.07145   0.01467
   288/499     3.39G    0.0113   0.07981   0.01454    0.1056       673       640    0.2919    0.8418    0.3232    0.2642  0.007574   0.07269   0.01458
   289/499     3.39G   0.01134   0.08219   0.01449     0.108      1362       640    0.2951    0.8375    0.3226    0.2662  0.007551   0.06864   0.01475
   290/499     3.39G   0.01178   0.08787   0.01454    0.1142      1530       640    0.2941    0.8384    0.3226    0.2643  0.007526   0.06701   0.01462
   291/499     3.39G   0.01204   0.08304   0.01459    0.1097      1026       640    0.2923     0.819    0.3169    0.2597  0.007565   0.06696   0.01487
   292/499     3.39G   0.01192   0.08008   0.01449    0.1065      1324       640    0.3008    0.8535    0.3298    0.2731  0.007443   0.06735   0.01466
   293/499     3.39G   0.01112   0.08133   0.01443    0.1069      1052       640    0.2942    0.8635    0.3308    0.2711  0.007641    0.0673    0.0144
   294/499     3.39G    0.0111   0.08066   0.01443    0.1062      1153       640    0.2954    0.8542    0.3317     0.275  0.007355   0.06541   0.01441
   295/499     3.39G   0.01135    0.0807   0.01443    0.1065      1425       640    0.2952    0.8581     0.335    0.2781  0.007295   0.06817   0.01438
   296/499     3.39G   0.01127   0.07923   0.01443    0.1049       813       640    0.2953    0.8533     0.336    0.2793  0.007431   0.07093   0.01444
   297/499     3.39G   0.01146   0.07809    0.0144    0.1039       986       640    0.2985    0.8568     0.342    0.2844  0.007406   0.07294   0.01436
   298/499     3.39G   0.01092    0.0796   0.01443    0.1049       954       640     0.296    0.8372    0.3266    0.2718  0.007416   0.06831   0.01469
   299/499     3.39G   0.01116   0.08225   0.01443    0.1078       678       640    0.2903     0.846    0.3268    0.2651  0.007764   0.06933   0.01452
   300/499     3.39G    0.0118   0.08332   0.01437    0.1095       594       640     0.291    0.8184     0.318     0.262  0.007322   0.06501    0.0148
   301/499     3.39G   0.01082   0.07637   0.01439    0.1016      1141       640    0.2932     0.812    0.3104    0.2531   0.00763   0.06748   0.01499
   302/499     3.39G   0.01151   0.07804   0.01433    0.1039      1166       640    0.2948    0.8481    0.3278    0.2711  0.007316   0.06396   0.01453
   303/499     3.39G   0.01172   0.07951   0.01435    0.1056       870       640    0.2926    0.8529     0.335     0.277   0.00734   0.06448   0.01428
   304/499     3.39G   0.01174   0.08193   0.01433     0.108      1366       640    0.2897    0.8513    0.3345    0.2707  0.007529   0.06651   0.01426
   305/499     3.39G   0.01111   0.08096   0.01433    0.1064       925       640    0.2995    0.8432    0.3492    0.2835   0.00779   0.06844   0.01471
   306/499     3.39G   0.01112   0.07925    0.0143    0.1047      1289       640    0.2989    0.8571    0.3674    0.3021  0.007451   0.06773   0.01447
   307/499     3.39G   0.01106   0.07584   0.01425    0.1011       904       640    0.2994    0.8632    0.3864     0.321  0.007305   0.06702   0.01422
   308/499     3.39G   0.01116   0.07915   0.01422    0.1045      1334       640    0.3008    0.8573    0.3752    0.3116   0.00738   0.06669   0.01436
   309/499     3.39G   0.01126   0.08156   0.01432    0.1071      1371       640    0.3023    0.8519     0.386     0.321  0.007322   0.06722   0.01441
   310/499     3.39G   0.01103   0.07976   0.01431    0.1051       811       640    0.3017    0.8098    0.3606    0.2982  0.007308   0.06501   0.01479
   311/499     3.39G   0.01118   0.07658   0.01421     0.102      1095       640    0.2927    0.8474    0.3578    0.2946  0.007291    0.0645    0.0145
   312/499     3.39G   0.01111   0.07997   0.01429    0.1054      1230       640    0.2934      0.84    0.3529    0.2903  0.007316   0.06564   0.01463
   313/499     3.39G   0.01182   0.08232   0.01434    0.1085      1179       640    0.2961    0.8604    0.3832    0.3188  0.007266    0.0654   0.01425
   314/499     3.39G   0.01255   0.08139    0.0143    0.1082       997       640    0.2956    0.8602    0.3893    0.3232  0.007368   0.06772   0.01424
   315/499     3.39G   0.01205   0.07771   0.01422     0.104      1597       640     0.301     0.856    0.3999     0.333  0.007323    0.0676   0.01426
   316/499     3.39G   0.01215   0.08329   0.01422    0.1097      1199       640    0.2977    0.8623    0.3995    0.3321  0.007331   0.06606   0.01415
   317/499     3.39G   0.01145   0.07704   0.01421    0.1027      1096       640    0.2957    0.8498    0.3874    0.3214  0.007208   0.06508   0.01424
   318/499     3.39G   0.01123    0.0798   0.01415    0.1052       803       640    0.2972    0.8235    0.3712    0.3074  0.007309   0.06526   0.01471
   319/499     3.39G   0.01121   0.08022   0.01412    0.1055      1205       640    0.2979    0.8359    0.3641    0.3028   0.00724   0.06336   0.01481
   320/499     3.39G   0.01184   0.07832   0.01416    0.1043      1325       640    0.2986    0.8658    0.3934    0.3259   0.00719   0.06265   0.01423
   321/499     3.39G   0.01186   0.08414   0.01416    0.1102      1545       640    0.3001    0.8676     0.404    0.3369  0.007138   0.06344   0.01413
   322/499     3.39G   0.01069    0.0778   0.01398    0.1025      1080       640    0.3003    0.8547    0.4098    0.3396  0.007245   0.06691   0.01412
   323/499     3.39G  0.009998   0.07547   0.01386   0.09933       901       640    0.2981    0.8613    0.4166    0.3486  0.007271   0.06864   0.01398
   324/499     3.39G   0.01128   0.08089   0.01398    0.1061      1332       640     0.299    0.8474    0.4126    0.3435  0.007315   0.06774   0.01405
   325/499     3.39G   0.01125   0.07843   0.01401    0.1037       781       640    0.3079     0.853    0.4232    0.3499  0.007356   0.06952     0.014
   326/499     3.39G   0.01184    0.0816   0.01394    0.1074       796       640    0.3051    0.8501    0.4221    0.3472  0.007386    0.0683   0.01387
   327/499     3.39G   0.01138   0.08163    0.0139    0.1069       776       640    0.2956    0.8557    0.4081    0.3357  0.007406   0.06523   0.01388
   328/499     3.39G   0.01131   0.08072   0.01394     0.106      1233       640    0.2949    0.8471    0.3987    0.3287  0.007322    0.0647   0.01418
   329/499     3.39G   0.01152   0.07584   0.01394    0.1013       935       640    0.2981    0.8589    0.4105    0.3377  0.007331   0.06422   0.01387
   330/499     3.39G   0.01126   0.08361   0.01378    0.1086       972       640    0.3038    0.8365    0.4044    0.3236  0.007971   0.07049   0.01416
   331/499     3.39G   0.01144   0.07781   0.01381    0.1031       963       640    0.3057    0.7922    0.3901    0.3144  0.008108   0.07234   0.01465
   332/499     3.39G   0.01143   0.07947   0.01388    0.1048      1175       640    0.3028    0.8425    0.4129     0.339  0.007473    0.0684   0.01415
   333/499     3.39G   0.01121   0.07929   0.01381    0.1043       626       640    0.3056     0.835    0.4138    0.3345   0.00776   0.06993   0.01425
   334/499     3.39G   0.01153   0.07827   0.01378    0.1036      1357       640    0.2965    0.8622    0.4184    0.3472  0.007377   0.07064   0.01385
   335/499     3.39G   0.01087   0.08023    0.0138    0.1049       834       640    0.2963    0.8457    0.4041    0.3341  0.007421   0.07001   0.01418
   336/499     3.39G   0.01236   0.08535   0.01385    0.1116      1074       640    0.3057    0.8276    0.4091    0.3409  0.007253   0.06429   0.01438
   337/499     3.39G   0.01212   0.08224   0.01389    0.1083      1146       640    0.3148    0.8405    0.4302    0.3611  0.007215   0.06492   0.01417
   338/499     3.39G   0.01198   0.08165    0.0138    0.1074      1394       640     0.321    0.8375    0.4408    0.3675  0.007185   0.06414   0.01392
   339/499     3.39G   0.01143    0.0793   0.01373    0.1045      1265       640    0.3088    0.8582      0.43    0.3572  0.007292   0.06357   0.01374
   340/499     3.39G   0.01094   0.07572   0.01368    0.1003      1347       640    0.3099     0.848    0.4356    0.3616  0.007297   0.06502   0.01373
   341/499     3.39G   0.01133   0.07869   0.01371    0.1037      1157       640    0.3202    0.8149    0.4342    0.3626  0.007188   0.06469   0.01393
   342/499     3.39G   0.01186   0.07998   0.01372    0.1056      1018       640    0.3201     0.818     0.438    0.3658  0.007184   0.06426   0.01385
   343/499     3.39G    0.0114   0.08041   0.01363    0.1054      1050       640    0.3085    0.8649    0.4405    0.3632  0.007289   0.06412   0.01372
   344/499     3.39G   0.01155   0.08292   0.01376    0.1082      1317       640    0.3094    0.8676    0.4412    0.3657  0.007268   0.06469    0.0137
   345/499     3.39G   0.01123   0.07886   0.01363    0.1037       740       640    0.3185    0.8545    0.4407    0.3673  0.007224   0.06356   0.01411
   346/499     3.39G   0.01086   0.08181   0.01361    0.1063      1072       640    0.3174    0.8393    0.4391    0.3616  0.007434    0.0655   0.01379
   347/499     3.39G   0.01089   0.07816   0.01356    0.1026      1115       640    0.3161    0.8629    0.4601    0.3811  0.007358   0.06486   0.01344
   348/499     3.39G   0.01212    0.0817   0.01363    0.1074      1338       640    0.3239    0.8681    0.4686    0.3891  0.007414   0.06798   0.01361
   349/499     3.39G   0.01085   0.07518   0.01355   0.09958      1254       640    0.3155    0.8486    0.4398    0.3639  0.007539   0.06883   0.01376
   350/499     3.39G   0.01102   0.07826   0.01363    0.1029       909       640    0.3103    0.8483    0.4221    0.3491  0.007281   0.06738   0.01389
   351/499     3.39G   0.01078   0.07641   0.01354    0.1007       819       640    0.3172    0.8549    0.4447    0.3691  0.007214   0.06331   0.01378
   352/499     3.39G   0.01119   0.08163   0.01361    0.1064      1359       640    0.3134    0.8798    0.4445    0.3677  0.007187   0.06199   0.01357
   353/499     3.39G   0.01107   0.08143   0.01367    0.1062       868       640    0.3231    0.8346    0.4329    0.3602  0.007076   0.06146   0.01363
   354/499     3.39G   0.01188   0.08125   0.01357    0.1067      1635       640    0.3314    0.8109    0.4365     0.358  0.007316   0.06421    0.0139
   355/499     3.39G   0.01141   0.08029   0.01355    0.1052      1129       640     0.328    0.8575    0.4628    0.3782  0.007459    0.0667   0.01379
   356/499     3.39G   0.01095    0.0789   0.01338    0.1032      1214       640    0.3395     0.833     0.463    0.3839  0.007499   0.06981   0.01364
   357/499     3.39G   0.01136    0.0791   0.01353     0.104      1174       640    0.3342    0.8478     0.459    0.3827  0.007314   0.07053   0.01376
   358/499     3.39G    0.0101   0.07599   0.01336   0.09944      1297       640    0.3318    0.8383    0.4533    0.3762  0.007386    0.0747   0.01392
   359/499     3.39G   0.01075   0.07767   0.01344    0.1019      1141       640    0.3273    0.8634    0.4569    0.3797  0.007294   0.06541    0.0134
   360/499     3.39G   0.01126   0.07607   0.01345    0.1008       852       640    0.3308    0.8656     0.457    0.3737  0.007534   0.06774    0.0135
   361/499     3.39G    0.0114     0.079   0.01346    0.1039      1259       640    0.3385    0.8492    0.4583    0.3799  0.007382   0.06922   0.01381
   362/499     3.39G   0.01108   0.07643   0.01348     0.101      1604       640    0.3241    0.8625     0.438     0.366  0.007178    0.0644    0.0142
   363/499     3.39G   0.01131   0.08068   0.01345    0.1054      1283       640      0.32    0.8567     0.439    0.3661   0.00715   0.06252   0.01369
   364/499     3.39G   0.01104   0.07819   0.01355    0.1028      1171       640    0.3177    0.8765    0.4573    0.3822  0.007181   0.06418   0.01346
   365/499     3.39G    0.0113   0.07878    0.0134    0.1035      1012       640    0.3239    0.8656    0.4736    0.3951  0.007265   0.06592   0.01349
   366/499     3.39G   0.01101   0.07629   0.01318    0.1005       854       640    0.3224    0.8699    0.4703    0.3883  0.007287   0.06471   0.01341
   367/499     3.39G   0.01155   0.07753   0.01341    0.1025      1176       640    0.3244     0.888    0.4681    0.3879   0.00726   0.06464   0.01332
   368/499     3.39G   0.01173   0.07825   0.01331    0.1033      1215       640    0.3288     0.873    0.4513    0.3737  0.007276   0.06479   0.01378
   369/499     3.39G   0.01102    0.0762   0.01341    0.1006      1298       640    0.3342    0.8547    0.4539    0.3762  0.007373   0.06643   0.01387
   370/499     3.39G     0.012   0.07563   0.01336     0.101       877       640    0.3616    0.8214    0.4986    0.4087  0.007521   0.07495   0.01335
   371/499     3.39G   0.01057   0.07557   0.01314   0.09927       602       640    0.3471    0.8523     0.493    0.4114  0.007162   0.06419   0.01316
   372/499     3.39G   0.01119   0.07935    0.0133    0.1038       828       640    0.3337    0.8764    0.4853    0.4072  0.007095   0.06349   0.01329
   373/499     3.39G    0.0108   0.07627   0.01324    0.1003       869       640    0.3375    0.8499    0.4889    0.4084  0.007191   0.06482   0.01344
   374/499     3.39G   0.01109   0.07384    0.0132   0.09813      1007       640    0.3402    0.8549    0.4967    0.4161  0.007309    0.0692   0.01336
   375/499     3.39G   0.01063   0.07548   0.01315   0.09926      1065       640     0.328    0.8756    0.4816    0.4022  0.007132   0.06343   0.01329
   376/499     3.39G   0.01058   0.07716   0.01319    0.1009      1023       640    0.3267    0.8816    0.4716    0.3966   0.00705    0.0614   0.01318
   377/499     3.39G    0.0108    0.0769   0.01336    0.1011       994       640    0.3389    0.8482    0.4727    0.3961  0.007022    0.0609   0.01329
   378/499     3.39G   0.01048   0.07414   0.01327   0.09788      1297       640    0.3346    0.8428    0.4679    0.3923  0.007032   0.06172   0.01349
   379/499     3.39G   0.01067   0.07595    0.0132   0.09982      1245       640    0.3293    0.8519    0.4696    0.3867  0.007283   0.06419   0.01335
   380/499     3.39G   0.01104   0.07944   0.01325    0.1037      1029       640    0.3473    0.8485     0.493    0.4123  0.007122   0.06401   0.01299
   381/499     3.39G   0.01128   0.08049    0.0134    0.1052       924       640    0.3369    0.8733    0.4807     0.404  0.007038   0.06206   0.01326
   382/499     3.39G   0.01094   0.07496   0.01317   0.09906      1387       640    0.3262    0.8645    0.4627    0.3872  0.007102   0.06355   0.01347
   383/499     3.39G   0.01075   0.07722    0.0131    0.1011       928       640    0.3355    0.8547    0.4718    0.3977   0.00702    0.0619   0.01324
   384/499     3.39G   0.01115    0.0748   0.01331   0.09927      1675       640    0.3446    0.8465    0.4728    0.3962  0.007127     0.062   0.01325
   385/499     3.39G   0.01099   0.07622   0.01324    0.1004       829       640    0.3427     0.862    0.4643    0.3878  0.007172   0.06283   0.01326
   386/499     3.39G   0.01054   0.07508   0.01306   0.09868      1305       640    0.3309    0.8687    0.4611    0.3809  0.007247   0.06338   0.01308
   387/499     3.39G    0.0105   0.07355   0.01301   0.09706      1023       640    0.3261    0.8617     0.454    0.3779   0.00719    0.0631   0.01335
   388/499     3.39G   0.01044   0.07456   0.01307   0.09807       983       640    0.3263    0.8615     0.446    0.3728    0.0071   0.06266    0.0136
   389/499     3.39G   0.01121    0.0787   0.01314    0.1031      1005       640     0.334    0.8764    0.4688    0.3917  0.007203   0.06329   0.01348
   390/499     3.39G   0.01067   0.07485   0.01313   0.09866      1179       640    0.3428    0.8824    0.4952    0.4144  0.007181    0.0628   0.01322
   391/499     3.39G   0.01016   0.07539   0.01316   0.09872       912       640    0.3476    0.8573    0.5008    0.4215   0.00712   0.06232   0.01325
   392/499     3.39G   0.01044   0.07745   0.01294    0.1008      1418       640    0.3419    0.8604     0.502    0.4201  0.007081   0.06382   0.01302
   393/499     3.39G   0.01112   0.07945   0.01301    0.1036      1084       640    0.3359    0.8835    0.5038     0.423  0.007178   0.06623     0.013
   394/499     3.39G   0.01059   0.07806   0.01314    0.1018       595       640    0.3534    0.8477     0.516    0.4351  0.007091   0.06465   0.01285
   395/499     3.39G   0.01058   0.07453   0.01306   0.09817      1045       640    0.3547    0.8595    0.5125     0.429  0.007137    0.0638   0.01287
   396/499     3.39G   0.01086   0.07383   0.01309   0.09779       924       640    0.3466    0.8725    0.5085    0.4239  0.007184   0.06355   0.01296
   397/499     3.39G     0.011   0.07658   0.01307    0.1006      1243       640    0.3451    0.8591    0.5068    0.4226  0.007235   0.06379   0.01327
   398/499     3.39G   0.01116   0.07744   0.01309    0.1017       924       640    0.3558    0.8496    0.5165    0.4309  0.007195   0.06457   0.01314
   399/499     3.39G   0.01128   0.07393   0.01304   0.09824      1076       640    0.3581    0.8596    0.5126    0.4314  0.007092    0.0661   0.01316
   400/499     3.39G   0.01128   0.07524   0.01308   0.09959      1230       640    0.3476    0.8397    0.4977    0.4174   0.00714   0.06268   0.01306
   401/499     3.39G   0.01025    0.0761   0.01291   0.09926       837       640    0.3362    0.8855    0.4871    0.4066  0.007154   0.06384   0.01289
   402/499     3.39G   0.01097   0.07629   0.01321    0.1005      1004       640    0.3425    0.8252    0.4942    0.4113  0.007251   0.06296   0.01331
   403/499     3.39G   0.01091   0.07642   0.01312    0.1004      1040       640    0.3337    0.8503    0.4763    0.4005  0.007136   0.06215   0.01387
   404/499     3.39G   0.01107   0.07392   0.01304   0.09803       673       640    0.3366    0.8826    0.4926    0.4141  0.007127   0.06232   0.01333
   405/499     3.39G   0.01093   0.07332   0.01305    0.0973       855       640    0.3468     0.846    0.5025    0.4218  0.007127   0.06227   0.01315
   406/499     3.39G   0.01039   0.07375   0.01303   0.09718      1495       640    0.3478     0.837     0.504    0.4229  0.007173   0.06431   0.01308
   407/499     3.39G   0.01117   0.07675   0.01312     0.101      1034       640    0.3458    0.8527    0.5119    0.4301  0.007103   0.06707   0.01298
   408/499     3.39G   0.01082   0.07711   0.01298    0.1009      1454       640    0.3413    0.8814    0.5163    0.4344  0.007112   0.06609   0.01305
   409/499     3.39G   0.01082   0.07195   0.01281   0.09558      1430       640     0.348    0.8544    0.5229    0.4337  0.007385   0.06692   0.01291
   410/499     3.39G    0.0115   0.07828   0.01304    0.1028      1437       640    0.3486    0.8298    0.5184    0.4375  0.007076   0.06339   0.01302
   411/499     3.39G   0.01104   0.07551   0.01304    0.0996      1334       640    0.3469    0.8458    0.5132    0.4324  0.007044   0.06409   0.01304
   412/499     3.39G   0.01134   0.07685   0.01299    0.1012      1211       640    0.3406    0.8727    0.5125    0.4312  0.007137   0.06522   0.01311
   413/499     3.39G   0.01093   0.07766   0.01293    0.1015       913       640    0.3436    0.8928    0.5221     0.441  0.007019   0.06249   0.01294
   414/499     3.39G   0.01055   0.07573   0.01291   0.09919      1228       640    0.3548    0.8616    0.5213    0.4404  0.007072   0.06231    0.0128
   415/499     3.39G   0.01112   0.07856     0.013    0.1027       786       640    0.3482    0.8601    0.5157    0.4348  0.007037   0.06168   0.01285
   416/499     3.39G   0.01062   0.07444   0.01308   0.09814       857       640    0.3488    0.8389    0.5098    0.4213  0.007415     0.065   0.01323
   417/499     3.39G   0.01122   0.07909   0.01296    0.1033      1426       640    0.3529    0.8619    0.5249    0.4307  0.007642   0.06691   0.01304
   418/499     3.39G   0.01077   0.07815   0.01292    0.1018       833       640    0.3574    0.8502    0.5313    0.4466   0.00719   0.06673   0.01293
   419/499     3.39G   0.01083   0.07331   0.01285     0.097      1425       640     0.351    0.8536     0.529     0.446  0.007094   0.06454   0.01295
   420/499     3.39G   0.01063   0.07408   0.01278   0.09749       717       640    0.3526    0.8513     0.521    0.4408  0.007053   0.06369   0.01311
   421/499     3.39G   0.01083   0.07627   0.01293       0.1      1436       640    0.3521    0.8359    0.5224    0.4415  0.007101   0.06514   0.01314
   422/499     3.39G    0.0108   0.07422   0.01291   0.09793      1012       640    0.3529    0.8465    0.5276    0.4444   0.00707   0.06351   0.01294
   423/499     3.39G   0.01065   0.07613    0.0129   0.09968       866       640    0.3589    0.8369    0.5239    0.4414  0.007041   0.06237   0.01283
   424/499     3.39G   0.01109   0.07407   0.01284     0.098       991       640    0.3427     0.859     0.517    0.4358  0.007096   0.06293   0.01304
   425/499     3.39G  0.009703   0.07274   0.01284   0.09528      1132       640     0.345    0.8254    0.5143    0.4316  0.007165   0.06325   0.01315
   426/499     3.39G   0.01083   0.07292   0.01282   0.09657      1463       640    0.3442    0.8561     0.518    0.4358  0.007093   0.06288   0.01294
   427/499     3.39G   0.01089   0.07591   0.01285   0.09964      1272       640    0.3402    0.8608    0.5146    0.4282  0.007323   0.06601   0.01294
   428/499     3.39G   0.01061   0.07152   0.01281   0.09493      1152       640    0.3407    0.8567    0.5135    0.4322  0.007181   0.06561   0.01305
   429/499     3.39G   0.01086   0.07641   0.01278       0.1       966       640    0.3431    0.8356     0.513    0.4341  0.007036   0.06277   0.01317
   430/499     3.39G   0.01092   0.07539   0.01289    0.0992      1092       640    0.3498     0.827    0.5172    0.4379   0.00703     0.062   0.01317
   431/499     3.39G   0.01136   0.07696   0.01289    0.1012      1082       640    0.3502    0.8549    0.5267    0.4446  0.007053   0.06232   0.01274
   432/499     3.39G  0.009913    0.0755   0.01264   0.09805      1461       640    0.3464    0.8928    0.5298    0.4453  0.007071   0.06241    0.0127
   433/499     3.39G   0.01094   0.07253   0.01281   0.09627       991       640    0.3497    0.8592    0.5266    0.4431  0.007094   0.06115   0.01298
   434/499     3.39G   0.01119   0.07836   0.01284    0.1024      1100       640    0.3528    0.8509    0.5291    0.4448   0.00711   0.06064   0.01293
   435/499     3.39G   0.01106   0.07758   0.01281    0.1015      1091       640     0.344    0.8858    0.5317    0.4464  0.007108   0.06232   0.01275
   436/499     3.39G   0.01115   0.08202   0.01289    0.1061       956       640    0.3503    0.8181    0.5247    0.4418  0.007112   0.06357    0.0131
   437/499     3.39G   0.01159   0.07659   0.01275    0.1009       976       640     0.346    0.8285    0.5191    0.4379  0.007051   0.06254   0.01325
   438/499     3.39G   0.01068   0.07821   0.01276    0.1017      1289       640    0.3545    0.8336     0.531    0.4501  0.007001   0.06276   0.01294
   439/499     3.39G    0.0114   0.08028   0.01269    0.1044      1225       640    0.3492    0.8679    0.5386    0.4536  0.007101   0.06519    0.0126
   440/499     3.39G   0.01034   0.07455   0.01259   0.09748      1100       640    0.3415    0.9046    0.5379    0.4549  0.007067   0.06606   0.01262
   441/499     3.39G   0.01034   0.07128   0.01259   0.09421      1247       640    0.3491    0.8367    0.5358    0.4528   0.00709   0.06488   0.01283
   442/499     3.39G   0.01093   0.07374   0.01274   0.09741      1256       640    0.3472    0.8617    0.5454     0.462  0.006971    0.0617   0.01267
   443/499     3.39G   0.01095    0.0751   0.01273   0.09877       887       640    0.3485    0.8824    0.5459    0.4624  0.006973   0.06108   0.01261
   444/499     3.39G   0.01103   0.07787   0.01284    0.1017      1036       640    0.3504    0.8756    0.5396     0.457  0.007057   0.06193   0.01272
   445/499     3.39G   0.01044   0.07366   0.01265   0.09675       640       640     0.353    0.8755    0.5398    0.4572  0.007048   0.06187   0.01264
   446/499     3.39G   0.01079   0.07511   0.01264   0.09855      1351       640    0.3477    0.8598    0.5305    0.4495  0.006986   0.06076   0.01287
   447/499     3.39G   0.01105   0.07653   0.01267    0.1002      1064       640    0.3542    0.8149    0.5202    0.4383   0.00708   0.06113   0.01315
   448/499     3.39G   0.01148   0.07871   0.01298    0.1032      1278       640     0.356    0.8317    0.5317    0.4469  0.007049   0.06041   0.01295
   449/499     3.39G   0.01065   0.07597   0.01261   0.09923       953       640    0.3547    0.8577    0.5351    0.4517  0.007041   0.06035   0.01277
   450/499     3.39G   0.01091    0.0733   0.01264   0.09684       843       640    0.3455    0.8802    0.5305    0.4487  0.006936   0.06013   0.01283
   451/499     3.39G   0.01069   0.07614   0.01256   0.09939      1172       640    0.3446    0.8671    0.5304    0.4466  0.007041   0.06078   0.01288
   452/499     3.39G     0.011   0.07669   0.01268    0.1004      1006       640    0.3495    0.8594    0.5328    0.4471  0.007104   0.06138   0.01292
   453/499     3.39G   0.01049   0.07454   0.01258   0.09761      1134       640     0.349    0.8464    0.5271    0.4434   0.00711   0.06196   0.01311
   454/499     3.39G     0.011   0.07426   0.01266   0.09792      1291       640    0.3478    0.8648    0.5401    0.4562  0.006994   0.06099   0.01271
   455/499     3.39G   0.01029   0.07423   0.01251   0.09703      1126       640    0.3426      0.88    0.5428    0.4594  0.006944    0.0611   0.01262
   456/499     3.39G   0.01098   0.07479   0.01259   0.09836      1430       640    0.3433    0.8785    0.5419    0.4561  0.007029   0.06113   0.01259
   457/499     3.39G   0.01142   0.07209   0.01268   0.09619      1377       640    0.3437    0.8752    0.5389    0.4544  0.007065   0.06101   0.01273
   458/499     3.39G   0.01085   0.07889   0.01259    0.1023      1055       640    0.3511    0.8775    0.5479    0.4645  0.006991   0.06082   0.01257
   459/499     3.39G   0.01064    0.0763   0.01256   0.09949       814       640    0.3586    0.8361    0.5399    0.4576  0.006985   0.06095   0.01277
   460/499     3.39G   0.01087    0.0741   0.01254   0.09751      1007       640    0.3509    0.8677    0.5405     0.458  0.006968   0.06058   0.01272
   461/499     3.39G   0.01049   0.07095   0.01249   0.09392      1328       640    0.3566     0.851    0.5478    0.4642  0.006985   0.06067   0.01251
   462/499     3.39G   0.01022   0.07274   0.01243   0.09539       867       640    0.3613    0.8552    0.5541    0.4698  0.006991   0.06077   0.01241
   463/499     3.39G   0.01043   0.07453   0.01251   0.09747      1059       640    0.3606    0.8654    0.5551    0.4703  0.006945    0.0601    0.0124
   464/499     3.39G    0.0106   0.07536   0.01251   0.09847      1308       640    0.3567    0.8526    0.5516    0.4672  0.006917   0.05949    0.0125
   465/499     3.39G   0.01011   0.07282   0.01231   0.09524      1090       640    0.3525    0.8512    0.5437    0.4615  0.006907   0.05922   0.01268
   466/499     3.39G   0.01002   0.07264   0.01246   0.09512       895       640    0.3633    0.8447    0.5492    0.4655  0.006908   0.05922   0.01257
   467/499     3.39G   0.01109   0.07619   0.01249   0.09976      1100       640    0.3609    0.8564    0.5489    0.4657   0.00695   0.05964   0.01252
   468/499     3.39G   0.01092   0.07369   0.01253   0.09714      1171       640    0.3621    0.8635     0.553    0.4676  0.006983   0.05978   0.01232
   469/499     3.39G   0.01117   0.07664    0.0125    0.1003      1120       640    0.3707    0.8413    0.5523     0.469  0.006975   0.06059   0.01236
   470/499     3.39G   0.01091   0.07504   0.01245    0.0984       749       640    0.3461    0.8893    0.5454    0.4628  0.006949   0.06085   0.01242
   471/499     3.39G   0.01063    0.0754   0.01247    0.0985      1191       640     0.351     0.864    0.5445    0.4612  0.006997   0.06032   0.01252
   472/499     3.39G   0.01055   0.07734    0.0125    0.1004       988       640    0.3567    0.8676    0.5495    0.4641  0.007073   0.06061    0.0125
   473/499     3.39G   0.01084   0.07475   0.01254   0.09813       856       640    0.3691    0.8585    0.5601    0.4738  0.006987   0.06009    0.0123
   474/499     3.39G   0.00987   0.07043   0.01229   0.09259       761       640    0.3686    0.8605    0.5642    0.4747  0.007013   0.06075   0.01215
   475/499     3.39G   0.01084   0.07357   0.01244   0.09685      1332       640     0.366    0.8526    0.5615    0.4769  0.006961   0.06069   0.01225
   476/499     3.39G   0.01045   0.07164   0.01235   0.09444      1008       640    0.3712     0.828     0.557    0.4727   0.00694   0.05997   0.01241
   477/499     3.39G   0.01072   0.07361   0.01235   0.09668       857       640    0.3667    0.8529    0.5529    0.4677  0.007005    0.0602   0.01255
   478/499     3.39G   0.01094    0.0765   0.01243   0.09987       998       640    0.3609    0.8366    0.5391    0.4545  0.007058   0.06092   0.01282
   479/499     3.39G   0.01083   0.07413    0.0123   0.09727      1165       640    0.3703    0.8241    0.5458    0.4612   0.00702   0.06126   0.01266
   480/499     3.39G   0.01024   0.07344   0.01229   0.09597      1071       640    0.3656    0.8558     0.554    0.4685  0.006952   0.06066   0.01237
   481/499     3.39G    0.0109   0.07428   0.01225   0.09743      1327       640    0.3738    0.8508    0.5606    0.4735  0.007005   0.06213   0.01219
   482/499     3.39G   0.01122   0.07536   0.01231   0.09889      1093       640    0.3767    0.8493    0.5625    0.4756  0.007039   0.06231   0.01221
   483/499     3.39G  0.009783   0.07111   0.01218   0.09308      1015       640    0.3728    0.8326    0.5552    0.4668  0.007168   0.06432   0.01245
   484/499     3.39G   0.01109   0.07704   0.01233    0.1005      1111       640    0.3755    0.8204    0.5522     0.466  0.007108   0.06481   0.01256
   485/499     3.39G   0.01074   0.07466   0.01223   0.09762      1052       640    0.3744    0.8284    0.5577    0.4716  0.007013   0.06202   0.01246
   486/499     3.39G   0.01049   0.07142   0.01227   0.09418      1111       640    0.3751    0.8353    0.5603    0.4727   0.00703   0.06179   0.01235
   487/499     3.39G   0.01085    0.0713   0.01228   0.09444      1023       640    0.3813    0.8538    0.5689    0.4765  0.007127   0.06242   0.01207
   488/499     3.39G   0.01106    0.0755   0.01226   0.09882      1184       640    0.5779    0.6605    0.5703    0.4788  0.007167   0.06249   0.01202
   489/499     3.39G   0.01051    0.0738   0.01225   0.09656      1168       640    0.3824    0.8502    0.5677    0.4789  0.007038   0.06185   0.01214
   490/499     3.39G   0.01093   0.07499   0.01219   0.09812      1081       640    0.3819    0.8392    0.5672    0.4796  0.006976   0.06109   0.01214
   491/499     3.39G   0.01066    0.0727   0.01231   0.09567      1069       640    0.3752    0.8407    0.5616    0.4757  0.006941   0.06071   0.01222
   492/499     3.39G   0.01004   0.07195   0.01208   0.09407      1012       640    0.3747     0.841    0.5598    0.4719  0.007001   0.06089   0.01223
   493/499     3.39G   0.01024   0.07406   0.01221   0.09651      1387       640    0.5789    0.6314    0.5606    0.4722  0.006996   0.06075   0.01223
   494/499     3.39G    0.0107    0.0784   0.01232    0.1014      1221       640    0.3785    0.8541    0.5675    0.4809  0.006882   0.05976   0.01218
   495/499     3.39G   0.01062   0.07507   0.01232   0.09801      1305       640    0.3819    0.8526     0.565     0.477  0.006944   0.05989   0.01223
   496/499     3.39G   0.01073   0.07279   0.01241   0.09593      1062       640    0.3691    0.8263     0.549    0.4626  0.007013    0.0606   0.01247
   497/499     3.39G   0.01106   0.07563   0.01236   0.09905      1091       640    0.3641    0.8278    0.5432    0.4549  0.007112   0.06119    0.0126
   498/499     3.39G   0.01044   0.07571   0.01218   0.09833      1082       640    0.5793    0.6291    0.5622    0.4747  0.007021   0.06033   0.01214
   499/499     3.39G   0.01061   0.07469   0.01224   0.09754      1459       640    0.3878    0.8587    0.5653    0.4779  0.006991   0.06094   0.01207
