     0/499     2.91G     0.047   0.09627   0.01971     0.163      1090       640         0         0         0         0   0.04685   0.08859   0.01949
     1/499     2.91G   0.04674   0.08044   0.01951    0.1467      1030       640  0.003416  0.005788 0.0001066 1.446e-05   0.04612   0.07551   0.01948
     2/499     2.91G   0.04599   0.07525    0.0193    0.1405      1340       640  0.004448    0.0128 0.0001331 2.362e-05   0.04507   0.07967   0.01985
     3/499     2.91G   0.04396   0.08176    0.0191    0.1448      1190       640   0.01789   0.05457  0.002409 0.0004599   0.04173   0.09744   0.01937
     4/499     2.91G   0.04058   0.09235   0.01875    0.1517      1372       640   0.04607    0.1828   0.01607  0.003301   0.03594    0.1171   0.01896
     5/499     2.92G   0.03645    0.1129    0.0185    0.1678      1435       640   0.08251    0.3154   0.04149   0.01071   0.02999    0.1395   0.01858
     6/499     2.92G   0.03231    0.1234   0.01822    0.1739      1116       640   0.06388     0.242   0.02135  0.003974   0.02849    0.1476   0.01831
     7/499     2.92G   0.03011    0.1296   0.01798    0.1777      1293       640   0.08941    0.3119   0.03907   0.01049   0.02612    0.1643   0.01811
     8/499     2.92G   0.02821     0.141   0.01802    0.1873      1040       640   0.07207    0.2589   0.02651  0.005651   0.02595    0.1539   0.01809
     9/499     2.92G   0.02792    0.1493   0.01795    0.1951      1206       640      0.09    0.2911   0.03404  0.006543    0.0236    0.1624   0.01806
    10/499     2.92G   0.02722    0.1396   0.01791    0.1847      1297       640     0.106     0.358   0.04875   0.01342   0.02146    0.1641   0.01814
    11/499     2.92G   0.02792    0.1519   0.01788    0.1977      1588       640   0.05626     0.206   0.01758  0.002356    0.0247      0.18   0.01819
    12/499     2.92G   0.02651    0.1362   0.01789    0.1806      1078       640    0.1269     0.388   0.06014   0.01929    0.0191    0.1783   0.01805
    13/499     2.92G   0.02527    0.1364    0.0179    0.1796      1163       640   0.07442    0.2026   0.01928  0.003207     0.023    0.1768   0.01805
    14/499     2.92G   0.02551    0.1406   0.01784    0.1839      1026       640   0.09993    0.3225   0.04209   0.01081   0.02331    0.1656   0.01807
    15/499     2.92G   0.02624    0.1478   0.01787    0.1919      1381       640   0.04746    0.1356   0.01254  0.003934   0.02511    0.2075   0.01806
    16/499     2.92G   0.02839    0.1426   0.01785    0.1888      1354       640   0.09381    0.3448   0.05874   0.01553    0.0255    0.1514   0.01802
    17/499     2.92G   0.02625    0.1407   0.01783    0.1847      1143       640   0.07487    0.1976   0.02469  0.003843   0.02252    0.1714   0.01795
    18/499     2.92G   0.02581    0.1361   0.01779    0.1797       930       640   0.02604    0.0465   0.00285 0.0008975   0.02522    0.1671   0.01795
    19/499     2.92G   0.02529    0.1322   0.01779    0.1753      1022       640    0.1407    0.4243   0.07501   0.02391   0.01907     0.165   0.01791
    20/499     2.92G   0.02934    0.1538   0.01777    0.2009      1475       640    0.1506    0.4538   0.08122   0.02867   0.02168    0.1707   0.01791
    21/499     2.92G   0.02549    0.1373   0.01775    0.1805       971       640    0.1098    0.4151   0.08936   0.02537   0.02095    0.1663   0.01786
    22/499     2.92G   0.02423    0.1228   0.01774    0.1648       889       640     0.115    0.3486   0.05445  0.009928   0.02447    0.1758   0.01788
    23/499     2.92G   0.02373    0.1287   0.01768    0.1702       957       640    0.1291    0.4429   0.08934   0.03092    0.0197    0.1572   0.01783
    24/499     2.92G   0.02595    0.1428   0.01772    0.1864       882       640    0.2501    0.3762   0.07052   0.01366   0.02273    0.2775   0.01784
    25/499     2.92G   0.02375     0.139   0.01771    0.1805      1053       640    0.1321    0.4433   0.09516   0.02699   0.02076    0.2205   0.01737
    26/499     2.92G   0.02342    0.1394   0.01773    0.1805       825       640    0.1421    0.4549   0.09052   0.02901   0.01941    0.1801   0.01775
    27/499     2.92G   0.02226    0.1362    0.0177    0.1761      1378       640    0.1423    0.4627    0.0963   0.03467    0.0186    0.1636   0.01776
    28/499     2.92G   0.02236    0.1241   0.01766    0.1641      1209       640    0.1528    0.4544     0.096   0.01694   0.02215    0.1762   0.01769
    29/499     2.92G   0.02398    0.1267   0.01767    0.1683      1061       640   0.09788    0.3743   0.06347   0.01046   0.02128    0.1802   0.01769
    30/499     2.92G   0.02533    0.1338   0.01762    0.1767      1260       640   0.09746    0.4048   0.09006    0.0227    0.0208    0.1855   0.01758
    31/499     2.92G   0.02414     0.136   0.01767    0.1778       935       640    0.1071    0.4508   0.09684    0.0389   0.01811    0.1783   0.01776
    32/499     2.92G   0.02186    0.1422   0.01764    0.1817      1493       640    0.1375    0.4515    0.1086   0.05372   0.01735    0.1763   0.01745
    33/499     2.92G   0.02143    0.1371   0.01768    0.1762      1154       640    0.1291    0.4297   0.09643   0.03545   0.01932    0.1988   0.01748
    34/499     2.92G   0.02293     0.139   0.01758    0.1795      1053       640    0.1542    0.4542    0.1062   0.05097   0.01744     0.209   0.01732
    35/499     2.92G    0.0218    0.1334   0.01758    0.1728      1083       640    0.1554    0.4466    0.1064   0.03445   0.02011    0.1974   0.01733
    36/499     2.92G   0.02072      0.14    0.0176    0.1783       647       640     0.125    0.4669     0.109   0.05139   0.01582    0.1694   0.01769
    37/499     2.92G    0.0207    0.1253   0.01755    0.1636      1110       640    0.1484    0.5001    0.1283   0.06715   0.01555    0.1723   0.01741
    38/499     2.92G   0.02093    0.1251   0.01751    0.1636      1102       640    0.1629    0.5007    0.1241   0.06898   0.01511    0.1921   0.01724
    39/499     2.92G   0.02016    0.1182   0.01749    0.1558      1228       640    0.1244       0.5    0.1229   0.07219   0.01351    0.1527   0.01758
    40/499     2.92G   0.01944    0.1239   0.01749    0.1608      1049       640    0.1258    0.4945    0.1196   0.03775   0.01802     0.179   0.01767
    41/499     2.92G   0.02052    0.1298   0.01753    0.1678       922       640    0.1346    0.5084    0.1206   0.07596   0.01345    0.1597   0.01748
    42/499     2.92G   0.01924    0.1222   0.01749     0.159      1236       640    0.1299    0.5156    0.1258   0.06394   0.01523    0.1611   0.01755
    43/499     2.92G   0.01933    0.1277   0.01745    0.1645       986       640    0.1627    0.4408    0.1028   0.03898   0.01885    0.1872   0.01735
    44/499     2.92G   0.01968    0.1346   0.01742    0.1717      1066       640    0.1263    0.4696    0.1147   0.05961   0.01516    0.1788   0.01744
    45/499     2.92G    0.0181    0.1227   0.01746    0.1582      1152       640     0.166    0.4821    0.1185   0.06369   0.01488    0.1808   0.01719
    46/499     2.92G   0.01867    0.1219   0.01746     0.158      1325       640    0.1607    0.4863    0.1189   0.05695   0.01635    0.1692   0.01718
    47/499     2.92G    0.0204    0.1228    0.0174    0.1606      1365       640    0.1477     0.534    0.1328   0.07678   0.01405    0.1504   0.01729
    48/499     2.92G   0.01844    0.1172   0.01732     0.153      1199       640    0.1631    0.5488    0.1491   0.09382   0.01218    0.1367   0.01747
    49/499     2.92G   0.01768    0.1156   0.01734    0.1506      1290       640    0.1649    0.5558    0.1486   0.08845   0.01277    0.1388   0.01736
    50/499     2.92G   0.01658    0.1088   0.01735    0.1427      1280       640    0.1823    0.5971     0.178    0.1132   0.01261    0.1307   0.01738
    51/499     2.92G    0.0184     0.118   0.01726    0.1537      1282       640    0.1792    0.5225    0.1609   0.07884   0.01418    0.1412   0.01735
    52/499     2.92G   0.01707    0.1137    0.0173     0.148       954       640    0.1753    0.5824    0.1714    0.1074   0.01227    0.1283   0.01734
    53/499     2.92G   0.01853    0.1198   0.01725    0.1556      1297       640    0.1741    0.5586    0.1727   0.08977   0.01414     0.141   0.01729
    54/499     2.92G   0.01822    0.1145   0.01725    0.1499      1149       640     0.184    0.6035     0.182    0.1168   0.01264    0.1342   0.01724
    55/499     2.92G   0.01746    0.1141   0.01721    0.1488      1027       640    0.1862    0.5888    0.1769    0.1093   0.01137     0.125   0.01737
    56/499     2.92G   0.01777    0.1115   0.01713    0.1464      1054       640    0.1949    0.6198    0.1959   0.09521   0.01453    0.1521   0.01729
    57/499     2.92G   0.01736    0.1092   0.01716    0.1437      1290       640    0.1935    0.5919    0.1868    0.1242    0.0115    0.1359   0.01721
    58/499     2.92G   0.01655     0.114   0.01711    0.1476       963       640    0.2169    0.6138    0.2165    0.1288   0.01249    0.1261   0.01715
    59/499     2.92G   0.01768    0.1085   0.01699    0.1432      1193       640    0.2039    0.5986    0.2033    0.1228    0.0122    0.1216   0.01717
    60/499     2.92G   0.01858    0.1115   0.01698     0.147      1225       640     0.217    0.5886    0.2105    0.1351   0.01231    0.1376   0.01691
    61/499     2.92G   0.01711    0.1115   0.01688    0.1454      1557       640    0.2138    0.6306    0.2162    0.1445   0.01119    0.1221   0.01694
    62/499     2.92G   0.01743    0.1114   0.01689    0.1457       937       640    0.2375     0.684    0.2146    0.1339   0.01162    0.1272   0.01691
    63/499     2.92G   0.01707    0.1104   0.01682    0.1443       963       640    0.2401    0.6328    0.1974    0.1337    0.0106    0.1146   0.01711
    64/499     2.92G   0.01631    0.1076   0.01679    0.1407      1060       640    0.2177    0.6402    0.2258    0.1274   0.01264    0.1405    0.0167
    65/499     2.92G   0.01683    0.1175   0.01671     0.151      1209       640    0.3679     0.679     0.235    0.1568   0.01051    0.1175   0.01666
    66/499     2.92G    0.0161    0.1041   0.01674    0.1369      1018       640    0.3714     0.658    0.2316    0.1346   0.01237    0.1257   0.01673
    67/499     2.92G   0.01713    0.1119   0.01675    0.1458      1302       640      0.29     0.705    0.2385    0.1429   0.01213    0.1167    0.0167
    68/499     2.92G   0.01674    0.1068   0.01668    0.1402       991       640    0.3807    0.6563    0.2569    0.1659   0.01085    0.1175   0.01656
    69/499     2.92G   0.01564    0.1059   0.01662    0.1381       948       640    0.3803    0.6721    0.2553    0.1556   0.01182    0.1165   0.01662
    70/499     2.92G   0.01753    0.1147   0.01655    0.1488      1304       640    0.3734    0.6961     0.255    0.1512   0.01189    0.1214   0.01644
    71/499     2.92G   0.01751    0.1148   0.01651    0.1488      1073       640     0.373    0.6871    0.2435    0.1604   0.01091    0.1225    0.0165
    72/499     2.92G   0.01607    0.1065   0.01648     0.139      1230       640    0.2625    0.7359    0.2469    0.1612   0.01095    0.1081    0.0166
    73/499     2.92G   0.01624    0.1089   0.01641    0.1416      1123       640    0.2814    0.7289     0.254    0.1719   0.01016    0.1031   0.01627
    74/499     2.92G   0.01618    0.1063   0.01639    0.1388      1129       640    0.2651    0.7287    0.2532    0.1587   0.01149    0.1237   0.01653
    75/499     2.92G   0.01799     0.111   0.01636    0.1454      1018       640    0.2914    0.6797    0.2563    0.1614     0.011    0.1161   0.01632
    76/499     2.92G   0.01589    0.1093   0.01638    0.1416      1165       640    0.2725    0.7561    0.2578    0.1685    0.0102     0.109   0.01642
    77/499     2.92G   0.01619      0.11    0.0164    0.1426      1054       640    0.2655    0.7606    0.2536    0.1662   0.01121    0.1145   0.01639
    78/499     2.92G   0.01564    0.1052   0.01639    0.1372       768       640    0.2873    0.7091     0.243    0.1613   0.01075    0.1222   0.01632
    79/499     2.92G   0.01581    0.0996   0.01629    0.1317      1137       640    0.2659    0.7682    0.2644    0.1771   0.01062    0.1098   0.01618
    80/499     2.92G   0.01537    0.1051   0.01617    0.1367       831       640    0.2455    0.7255    0.2306    0.1657   0.01143    0.1078   0.01657
    81/499     2.92G    0.0157    0.1039   0.01627    0.1358       850       640    0.2596    0.7325    0.2534    0.1819  0.009927    0.1031   0.01645
    82/499     2.92G   0.01554    0.1099   0.01613    0.1416      1086       640    0.2681    0.7682    0.2644    0.1763   0.01088    0.1203   0.01616
    83/499     2.92G   0.01625     0.106   0.01614    0.1384      1784       640    0.2685    0.7529     0.266     0.178   0.01044    0.1114   0.01608
    84/499     2.92G   0.01618     0.107   0.01607    0.1392      1131       640    0.2672    0.7665    0.2671    0.1751   0.01112    0.1151   0.01626
    85/499     2.92G   0.01555    0.1026   0.01604    0.1342      1264       640     0.268    0.7736    0.2744    0.1788   0.01043    0.1014   0.01634
    86/499     2.92G   0.01516    0.1026     0.016    0.1337      1396       640     0.267    0.7819    0.2763    0.1958   0.01025    0.1147   0.01606
    87/499     2.92G   0.01498    0.1019   0.01592    0.1328       871       640    0.2641    0.7953    0.2843    0.1665   0.01134    0.1011   0.01591
    88/499     2.92G   0.01539   0.09878   0.01583      0.13       940       640    0.2698    0.7942    0.2826    0.2012  0.009549       0.1   0.01581
    89/499     2.92G   0.01569    0.1006   0.01593    0.1322       977       640    0.2644    0.7949    0.2757    0.1733   0.01206    0.1036   0.01587
    90/499     2.92G   0.01599    0.1014    0.0159    0.1333       970       640    0.2563    0.7587    0.2537    0.1774  0.009921    0.1098   0.01602
    91/499     2.92G     0.015    0.0994   0.01583    0.1302      1075       640     0.261    0.7812    0.2716    0.1737   0.01068    0.1102   0.01583
    92/499     2.92G   0.01656    0.1063    0.0158    0.1387      1189       640    0.2713    0.7673    0.2767    0.1775   0.01053    0.1003   0.01604
    93/499     2.92G   0.01542    0.1057   0.01587    0.1369       967       640    0.2646    0.7965    0.2818     0.193  0.009961   0.09533   0.01591
    94/499     2.92G   0.01579    0.1043   0.01574    0.1358       911       640    0.2627    0.7865    0.2696    0.1916  0.009991   0.09373   0.01582
    95/499     2.92G   0.01659    0.1048   0.01581    0.1372       799       640    0.2676     0.798    0.2817     0.178   0.01064    0.1031   0.01577
    96/499     2.92G   0.01611    0.1061   0.01572    0.1379      1144       640    0.2754    0.7881    0.2854    0.2057  0.009828   0.09988    0.0157
    97/499     2.92G   0.01509   0.09727   0.01565     0.128      1641       640    0.2642    0.7969    0.2869    0.2053  0.009601   0.09427   0.01592
    98/499     2.92G   0.01638    0.1078   0.01573      0.14       912       640    0.2564      0.76    0.2492     0.181   0.00973   0.09566   0.01624
    99/499     2.92G   0.01388   0.09905   0.01589    0.1288      1030       640     0.265    0.7773     0.274    0.1868  0.009947   0.08948    0.0161
   100/499     2.92G   0.01522    0.1051   0.01578    0.1361       755       640    0.2784    0.7997     0.301    0.2249  0.008982   0.09009   0.01576
   101/499     2.92G   0.01496     0.101   0.01566    0.1317      1372       640    0.2774    0.7705    0.2919    0.1978   0.01026   0.09478   0.01555
   102/499     2.92G   0.01533    0.1003   0.01557    0.1312       754       640    0.2838    0.8263    0.3173    0.2304  0.009363   0.08829   0.01553
   103/499     2.92G    0.0147   0.09487   0.01558    0.1252      1423       640    0.2799    0.8254    0.3125    0.2302  0.009104    0.0838   0.01555
   104/499     2.92G   0.01515     0.104   0.01564    0.1348      1122       640    0.2727    0.8169    0.2942    0.2134  0.009064   0.08386    0.0157
   105/499     2.92G   0.01514    0.1068   0.01554    0.1375      1069       640    0.2676    0.8072    0.2924    0.1841   0.01123   0.09371   0.01573
   106/499     2.92G   0.01677     0.109   0.01557    0.1414      1569       640    0.2662    0.7861    0.2745     0.205  0.009144   0.09683   0.01598
   107/499     2.92G   0.01429   0.09919   0.01569    0.1292       698       640    0.2783    0.8242    0.2986    0.2238  0.009123   0.09514   0.01571
   108/499     2.92G    0.0166    0.1079   0.01556    0.1401      1293       640    0.2832    0.8254    0.3048    0.1778   0.01178    0.1051   0.01555
   109/499     2.92G   0.01457    0.1001   0.01558    0.1302      1132       640    0.2808    0.8368    0.3079    0.2207  0.009331    0.1067   0.01545
   110/499     2.92G   0.01368   0.09212   0.01547    0.1213       949       640    0.2866    0.8568      0.32    0.2396  0.009349      0.09    0.0155
   111/499     2.92G   0.01476    0.1026    0.0155    0.1328       788       640    0.2857    0.8391     0.309    0.2228  0.009614   0.08906   0.01556
   112/499     2.92G   0.01475    0.1026   0.01542    0.1328      1085       640     0.287    0.8227    0.3113    0.2242  0.009441    0.0934   0.01538
   113/499     2.92G   0.01525   0.09932   0.01534    0.1299      1179       640    0.2806    0.8371    0.3086    0.2213  0.009669   0.09166    0.0155
   114/499     2.92G   0.01603    0.1019   0.01544    0.1333      1086       640    0.2807    0.8104    0.2879    0.1963   0.01049    0.1112   0.01579
   115/499     2.92G   0.01552     0.102   0.01551     0.133      1150       640    0.2763    0.7998    0.2839    0.2091  0.009227    0.0996   0.01587
   116/499     2.92G   0.01505    0.0982   0.01546    0.1287       732       640    0.2784    0.8138    0.2953    0.2205  0.009146   0.08411   0.01562
   117/499     2.92G   0.01429   0.09781   0.01527    0.1274      1132       640    0.2828     0.835    0.3069      0.23  0.009656   0.08856   0.01549
   118/499     2.92G   0.01516   0.09992    0.0153    0.1304      1111       640    0.2716    0.8231    0.2917    0.2169  0.009125   0.08913   0.01573
   119/499     2.92G   0.01427   0.09799   0.01539    0.1277       810       640    0.2728    0.8039    0.2868    0.2061  0.009713   0.08733   0.01578
   120/499     2.92G   0.01498    0.1019   0.01537    0.1322      1135       640    0.2842    0.8497    0.3186    0.2349  0.009444    0.0994   0.01525
   121/499     2.92G   0.01455    0.0996   0.01531    0.1295      1351       640    0.2853    0.8497    0.3213    0.2406   0.00909    0.0833   0.01529
   122/499     2.92G   0.01405    0.1003   0.01529    0.1296       929       640    0.2822    0.8034     0.303    0.2322   0.00874   0.08726   0.01563
   123/499     2.92G   0.01438   0.09474   0.01525    0.1244      1142       640    0.2821    0.8559    0.3129    0.2296  0.009116   0.08297   0.01533
   124/499     2.92G   0.01542   0.09858   0.01518    0.1292       911       640    0.2775      0.83    0.3025    0.2195  0.009348   0.09167   0.01547
   125/499     2.92G   0.01486   0.09853   0.01522    0.1286      1676       640    0.2831    0.8432    0.3137    0.2292  0.009107    0.0816   0.01535
   126/499     2.92G   0.01376   0.09824   0.01512    0.1271       939       640    0.2891    0.8243     0.316    0.2282  0.009617   0.08688   0.01532
   127/499     2.92G   0.01409   0.09402   0.01513    0.1232       921       640    0.2883    0.8471    0.3188    0.2355  0.009111   0.08853   0.01529
   128/499     2.92G   0.01434    0.0993   0.01516    0.1288       841       640     0.289    0.8609    0.3241    0.2501  0.008974   0.08656   0.01505
   129/499     2.92G    0.0154    0.1007   0.01522    0.1314      1067       640     0.283    0.8571    0.3199    0.2409  0.008737   0.08471   0.01515
   130/499     2.92G   0.01385    0.1003   0.01513    0.1292      1338       640    0.2827    0.8137    0.3149    0.2359  0.009225   0.09778   0.01518
   131/499     2.92G   0.01316   0.09274   0.01505     0.121      1005       640     0.284    0.8479    0.3183    0.2393  0.009066    0.0887   0.01534
   132/499     2.92G   0.01441    0.1013   0.01508    0.1308       972       640    0.2758    0.7976    0.2941    0.2003   0.01006   0.09278   0.01528
   133/499     2.92G   0.01464   0.09821   0.01513     0.128       981       640    0.2882    0.8667    0.3288    0.2442  0.008911    0.1001   0.01521
   134/499     2.92G   0.01603    0.1072   0.01519    0.1384       986       640    0.2854    0.8138     0.302    0.1951    0.0104    0.1003   0.01534
   135/499     2.92G   0.01424   0.09618   0.01517    0.1256      1310       640    0.2883    0.8501    0.3189    0.2364  0.009278   0.09099   0.01527
   136/499     2.92G   0.01423       0.1    0.0151    0.1294       740       640    0.2918    0.8508    0.3196     0.243  0.008686   0.08817   0.01511
   137/499     2.92G   0.01415    0.1023   0.01499    0.1314      1369       640       0.3    0.8305    0.3377    0.2508  0.009033   0.09524   0.01496
   138/499     2.92G   0.01346   0.08972   0.01496    0.1181      1358       640    0.2965    0.8272    0.3181     0.221  0.009788   0.09641   0.01511
   139/499     2.92G    0.0139   0.09479   0.01497    0.1237      1504       640    0.2975    0.8514      0.34    0.2438  0.009257   0.08757   0.01485
   140/499     2.92G   0.01394    0.1014   0.01504    0.1304      1139       640    0.2903    0.7865    0.2992    0.2356  0.008338   0.08177   0.01585
   141/499     2.92G   0.01361   0.09384   0.01496    0.1224       870       640    0.2971    0.7583    0.2869    0.2189  0.009257   0.09042    0.0161
   142/499     2.92G   0.01456   0.09677    0.0149    0.1262      1137       640    0.3155    0.7664    0.3278    0.2093   0.01027   0.08892    0.0155
   143/499     2.92G     0.015   0.09818    0.0149    0.1281      1360       640    0.3055    0.8374    0.3583      0.27  0.008682   0.08214   0.01485
   144/499     2.92G   0.01386   0.09449   0.01487    0.1232       975       640    0.3031    0.8118    0.3287    0.2569  0.008261   0.07814   0.01525
   145/499     2.92G   0.01332    0.0883   0.01491    0.1165      1428       640    0.3017    0.8408    0.3402    0.2376   0.00926   0.07976   0.01493
   146/499     2.92G   0.01418   0.09787   0.01482    0.1269      1467       640    0.3041     0.819    0.3428    0.2666  0.008916   0.08058   0.01502
   147/499     2.92G   0.01444   0.09684   0.01491    0.1262       965       640    0.3013     0.847    0.3439    0.2546  0.009042   0.08112   0.01502
   148/499     2.92G   0.01392   0.09501   0.01475    0.1237      1104       640    0.3058    0.8275    0.3501    0.2723  0.008414   0.07856    0.0149
   149/499     2.92G   0.01412   0.09568   0.01474    0.1245       910       640    0.2961    0.8481     0.333    0.2493   0.00866    0.0813   0.01483
   150/499     2.92G   0.01451   0.09035   0.01475    0.1196      1068       640    0.3094    0.8176    0.3557    0.2622  0.009186   0.08019    0.0147
   151/499     2.92G   0.01373   0.09278    0.0147    0.1212       692       640    0.3186    0.7723    0.3353    0.2491  0.009051   0.07914   0.01511
   152/499     2.92G   0.01423   0.09121   0.01478    0.1202      1291       640     0.301     0.839    0.3732    0.2857  0.008521   0.07532   0.01461
   153/499     2.92G   0.01468   0.09566   0.01471    0.1251      1351       640    0.2996    0.8448    0.3757     0.261   0.00936   0.08024   0.01469
   154/499     2.92G   0.01397   0.09255   0.01466    0.1212       995       640    0.3016    0.8498    0.3654    0.2727   0.00898   0.07701   0.01472
   155/499     2.92G   0.01325   0.08906   0.01462    0.1169      1776       640    0.3167    0.7981    0.3731    0.2876  0.008369   0.07474   0.01463
   156/499     2.92G   0.01331   0.09209   0.01457      0.12      1300       640    0.3196    0.8198    0.3882    0.2826  0.009211   0.07783    0.0145
   157/499     2.92G   0.01251   0.09027   0.01459    0.1174      1390       640    0.3063    0.8371    0.3784    0.2938  0.008245   0.07112    0.0146
   158/499     2.92G   0.01348   0.09611   0.01445     0.124       875       640    0.3451    0.6895    0.3746    0.2688  0.009809    0.0823   0.01491
   159/499     2.92G   0.01419   0.09373   0.01459    0.1225      1259       640    0.3124    0.8164    0.3801    0.2909  0.008701   0.07832   0.01469
   160/499     2.92G   0.01428   0.09632   0.01449    0.1251       932       640    0.3106    0.8102    0.3931    0.3058  0.008381   0.07725   0.01425
   161/499     2.92G   0.01391   0.09383   0.01445    0.1222       984       640    0.3069    0.8256    0.3959    0.3077  0.008209    0.0837   0.01428
   162/499     2.92G   0.01424   0.09405   0.01454    0.1228      1262       640    0.3326    0.7639    0.3905    0.3112   0.00803   0.07466   0.01486
   163/499     2.92G   0.01428   0.09383   0.01448    0.1226      1293       640    0.3319    0.7476    0.3684    0.2925  0.008254   0.07491   0.01502
   164/499     2.92G   0.01311   0.08968   0.01438    0.1172       700       640    0.3653    0.7299    0.4094    0.2919  0.008974   0.07621   0.01449
   165/499     2.92G   0.01458   0.09105   0.01437      0.12      1474       640    0.3682    0.7388    0.4226    0.3123    0.0091   0.08227   0.01438
   166/499     2.92G    0.0147   0.09633   0.01439    0.1254      1471       640    0.3666     0.757    0.4347    0.3419   0.00818   0.08214   0.01421
   167/499     2.92G   0.01303   0.08785   0.01433    0.1152      1024       640    0.3566     0.773    0.4427    0.3431  0.008398   0.07875   0.01423
   168/499     2.92G   0.01385   0.09058   0.01426    0.1187      1340       640    0.3571    0.7696    0.4434    0.3528  0.007972   0.07467   0.01404
   169/499     2.92G   0.01318     0.091   0.01429    0.1185      1182       640    0.3579    0.7643    0.4346    0.3443  0.008111   0.07593   0.01437
   170/499     2.92G   0.01265   0.09097    0.0142    0.1178       739       640    0.3839    0.7623    0.4494    0.3506  0.008943   0.08031   0.01408
   171/499     2.92G   0.01324    0.0887   0.01423    0.1162       953       640    0.3913    0.7265     0.429    0.3379   0.00825   0.07842   0.01448
   172/499     2.92G   0.01364   0.09155   0.01416    0.1194      1155       640    0.3546    0.7922     0.437    0.3227  0.009208   0.07967   0.01418
   173/499     2.92G   0.01426   0.09149   0.01421      0.12       723       640    0.3759    0.7356     0.433    0.3475  0.007892   0.07064   0.01434
   174/499     2.92G   0.01443   0.09174   0.01424    0.1204      1141       640     0.372    0.7336    0.4465    0.3213  0.009128   0.08135   0.01419
   175/499     2.92G   0.01361   0.09306   0.01416    0.1208      1098       640    0.3769    0.7316     0.451    0.3553  0.008124   0.07607   0.01394
   176/499     2.92G   0.01374   0.09059   0.01413    0.1185       822       640    0.3621    0.7295    0.4426    0.3271  0.008854   0.07496   0.01406
   177/499     2.92G   0.01502   0.09671   0.01423     0.126      1037       640    0.3584    0.7341    0.4341    0.3315  0.008518   0.07618   0.01422
   178/499     2.92G   0.01398   0.09285   0.01422    0.1211      1600       640    0.3587     0.733    0.4515    0.2996   0.01067   0.08294   0.01428
   179/499     2.92G     0.013   0.08465   0.01408    0.1117      1233       640    0.3744    0.7354    0.4567    0.3587  0.008308   0.07645   0.01422
   180/499     2.92G   0.01357   0.08876   0.01401    0.1163      1054       640     0.371    0.7361    0.4672     0.366  0.008108   0.07663   0.01407
   181/499     2.92G   0.01294   0.09004   0.01398     0.117      1272       640    0.3687    0.7277    0.4715    0.3718   0.00812   0.08327   0.01397
   182/499     2.92G   0.01271   0.08959   0.01396    0.1163      1139       640     0.341    0.7953    0.4746    0.3696  0.008304   0.07478   0.01397
   183/499     2.92G   0.01338   0.08957   0.01394    0.1169      1229       640    0.4032    0.6963    0.4621    0.3582   0.00837   0.07633   0.01422
   184/499     2.92G   0.01442   0.09597   0.01392    0.1243      1767       640     0.388    0.7334    0.4818    0.3858  0.008254   0.07726   0.01388
   185/499     2.92G   0.01274   0.09867   0.01388    0.1253       976       640    0.3489    0.8325     0.468    0.3528   0.00837   0.09168   0.01356
   186/499     2.92G   0.01285   0.09133    0.0139    0.1181       987       640    0.3988    0.7152    0.4793    0.3772  0.008085   0.08094   0.01405
   187/499     2.92G   0.01317   0.09161   0.01396    0.1187       933       640    0.3887     0.719    0.4791    0.3748  0.008275   0.08748   0.01381
   188/499     2.92G   0.01373    0.0954   0.01386     0.123      1595       640    0.3534    0.8075    0.4595    0.3369  0.008749   0.09814   0.01353
   189/499     2.92G   0.01237   0.08873   0.01374    0.1148      1140       640    0.4011    0.7545     0.503    0.3831   0.00884   0.09441   0.01343
   190/499     2.92G   0.01284   0.08995   0.01385    0.1166      1205       640     0.384    0.7262    0.4557    0.3579  0.008022   0.08331   0.01435
   191/499     2.92G   0.01236   0.09031   0.01377    0.1164      1020       640    0.3807    0.7634    0.4866    0.3883  0.008103   0.08121   0.01376
   192/499     2.92G   0.01265   0.08994   0.01368    0.1163      1060       640    0.3897    0.7406    0.4904    0.3773  0.008584   0.07734   0.01352
   193/499     2.92G   0.01401   0.08989   0.01382    0.1177      1330       640    0.3918    0.7836    0.4997     0.385  0.008399   0.07474   0.01338
   194/499     2.92G   0.01278   0.09289    0.0137    0.1194      1164       640    0.3726    0.8132    0.4996    0.3984  0.007789   0.07351   0.01361
   195/499     2.92G   0.01305   0.09089   0.01381    0.1177       685       640    0.3952    0.7729    0.5044    0.3973  0.008106   0.06977   0.01337
   196/499     2.92G   0.01384   0.09247   0.01363    0.1199       848       640    0.3872    0.7789    0.4765    0.3496  0.009008    0.0771   0.01383
   197/499     2.92G   0.01342   0.09935   0.01363    0.1264       926       640     0.409    0.7437     0.465    0.3605  0.008524   0.08179   0.01403
   198/499     2.92G   0.01295   0.08715   0.01362    0.1137      1231       640    0.4052    0.7362    0.4973    0.3767  0.008705   0.08194   0.01356
   199/499     2.92G   0.01293   0.09092   0.01344    0.1173       711       640    0.3797     0.783    0.5152    0.4059  0.007912   0.07574   0.01346
   200/499     2.92G   0.01354   0.09646    0.0136    0.1236      1062       640    0.3786    0.7992    0.5046    0.4017  0.007934   0.07608   0.01305
   201/499     2.92G    0.0129   0.09033   0.01352    0.1167      1050       640    0.3728    0.8146    0.5061    0.3973  0.008194   0.07077   0.01298
   202/499     2.92G   0.01329   0.09026   0.01353    0.1171      1083       640    0.4068    0.7173    0.5072    0.3974  0.008126   0.07141   0.01357
   203/499     2.92G   0.01319   0.08993   0.01356    0.1167      1140       640    0.3637     0.801    0.4997    0.3874   0.00831   0.07336   0.01308
   204/499     2.92G   0.01457   0.09601   0.01366    0.1242      1266       640    0.4015    0.7338    0.4867    0.3882  0.007805   0.07197   0.01371
   205/499     2.92G   0.01381   0.08702   0.01354    0.1144      1066       640    0.3795    0.7805    0.5147    0.3931  0.008438   0.07046   0.01327
   206/499     2.92G   0.01318   0.09113    0.0133    0.1176      1162       640    0.4099    0.7276    0.5034    0.3895  0.008141    0.0718   0.01362
   207/499     2.92G   0.01308   0.09208   0.01331    0.1185       776       640    0.4139    0.7979    0.5127    0.4007  0.008081   0.08191   0.01312
   208/499     2.92G   0.01285   0.08493    0.0134    0.1112      1162       640    0.4234    0.7885    0.5338    0.4079  0.008177   0.07846   0.01272
   209/499     2.92G   0.01333   0.09067   0.01325    0.1173      1052       640    0.4165    0.8094    0.5274    0.4033   0.00875   0.07636   0.01298
   210/499     2.92G   0.01302   0.09195   0.01331    0.1183      1104       640     0.404    0.7703    0.5385    0.4237  0.008422   0.07417   0.01313
   211/499     2.92G   0.01346   0.08968   0.01335    0.1165      1119       640    0.3582    0.8393    0.5369    0.4154   0.00846   0.07317   0.01307
   212/499     2.92G   0.01257   0.08618   0.01319    0.1119      1050       640    0.3494    0.8497     0.539    0.4123  0.008443     0.075    0.0132
   213/499     2.92G   0.01373   0.08983   0.01337    0.1169      1467       640    0.3856    0.7801    0.5473    0.4419  0.007732   0.07107   0.01326
   214/499     2.92G   0.01287   0.09293   0.01324     0.119       806       640     0.379    0.7661    0.5431    0.4329  0.007829   0.06887   0.01349
   215/499     2.92G   0.01233   0.08565    0.0132    0.1112      1038       640    0.3971    0.6731    0.5189    0.3965   0.00848   0.07416   0.01383
   216/499     2.92G   0.01322   0.08842   0.01325    0.1149       870       640    0.4172    0.7221    0.5289    0.4065  0.008197    0.0744   0.01336
   217/499     2.92G   0.01252   0.08467   0.01306    0.1103      1333       640    0.3991    0.8302    0.5333    0.4114  0.008396   0.08072   0.01337
   218/499     2.92G   0.01267    0.0911   0.01312    0.1169       985       640    0.4776    0.6481    0.5602    0.4481  0.007813   0.07286   0.01309
   219/499     2.92G   0.01239   0.08814   0.01316    0.1137      1514       640    0.4394    0.7511    0.5621    0.4476  0.008009   0.07123   0.01288
   220/499     2.92G   0.01362   0.09331   0.01316    0.1201       777       640    0.4018    0.8066    0.5621    0.4514   0.00769   0.06921   0.01284
   221/499     2.92G   0.01227   0.08792   0.01316    0.1133       873       640    0.4055    0.7977    0.5613    0.4467  0.007819   0.07361   0.01295
   222/499     2.92G   0.01256   0.08541   0.01307     0.111      1739       640    0.4833    0.6774    0.5569    0.4431  0.008115   0.07174   0.01279
   223/499     2.92G   0.01341   0.09526   0.01306    0.1217      1050       640    0.4424    0.7313    0.5474    0.4408  0.007645   0.07124   0.01325
   224/499     2.92G   0.01278   0.08955   0.01296    0.1153       843       640    0.4828    0.6492    0.5693    0.4482  0.007952   0.07128   0.01287
   225/499     2.92G    0.0123   0.09204   0.01297    0.1173       944       640     0.407    0.7855    0.5509    0.4394  0.007905   0.07069    0.0126
   226/499     2.92G   0.01243   0.08865   0.01296     0.114      1147       640     0.419    0.7184    0.5631    0.4565  0.007559   0.06974   0.01315
   227/499     2.92G   0.01238   0.08793   0.01295    0.1133       856       640     0.418    0.7247    0.5505    0.4454  0.007616   0.06921   0.01325
   228/499     2.92G   0.01257   0.08696   0.01292    0.1124      1410       640    0.4833     0.654    0.5715    0.4635  0.007569   0.06675   0.01278
   229/499     2.92G    0.0128   0.08841   0.01288    0.1141      1137       640    0.4084    0.6981    0.5489    0.4049  0.009062   0.07604   0.01332
   230/499     2.92G   0.01371    0.0918   0.01313    0.1186      1089       640    0.4264    0.6824    0.5442    0.4378  0.007563   0.07001   0.01324
   231/499     2.92G   0.01149   0.08214   0.01276    0.1064      1168       640    0.3976    0.7522    0.5434    0.4327  0.007639   0.06792   0.01337
   232/499     2.92G   0.01252   0.08542    0.0126    0.1105      1006       640    0.4507    0.7522    0.5766    0.4328   0.00884   0.07459   0.01256
   233/499     2.92G    0.0129   0.08985   0.01259    0.1153       916       640    0.4037    0.7647    0.5716    0.4521  0.007735   0.06601   0.01285
   234/499     2.92G   0.01212   0.08631   0.01269    0.1111      1136       640    0.4464    0.7262    0.5813    0.4686  0.007483     0.067   0.01263
   235/499     2.92G   0.01193    0.0785   0.01269    0.1031      1669       640    0.4517    0.7493     0.597    0.4744  0.007811   0.06893   0.01252
   236/499     2.92G   0.01223   0.08253   0.01266    0.1074      1126       640    0.4943    0.7227    0.6072    0.4868  0.007755   0.07423   0.01231
   237/499     2.92G   0.01188    0.0844   0.01243    0.1087       875       640    0.5113     0.722    0.6006     0.468  0.008289   0.07772   0.01248
   238/499     2.92G   0.01259   0.08823   0.01257    0.1134      1680       640    0.4979    0.7043    0.5817      0.47  0.007602   0.06998   0.01262
   239/499     2.92G   0.01311   0.08866   0.01275    0.1145       894       640    0.4788      0.71    0.5832    0.4641  0.007655   0.06956   0.01269
   240/499     2.92G   0.01254    0.0854    0.0125    0.1104      1296       640    0.4874    0.6817    0.5836    0.4381  0.008496   0.08626   0.01272
   241/499     2.92G   0.01329   0.09744   0.01276    0.1235      1286       640    0.4693    0.7041    0.5788    0.4591  0.008527   0.07504   0.01266
   242/499     2.92G   0.01183   0.08434   0.01262    0.1088       908       640    0.4924    0.6831    0.5957     0.473  0.007869   0.07044    0.0126
   243/499     2.92G   0.01205   0.08564   0.01254    0.1102       727       640    0.4672    0.7417    0.6018    0.4827  0.007758   0.07109    0.0121
   244/499     2.92G   0.01273   0.09013   0.01257    0.1154      1486       640    0.5047    0.7262    0.6082     0.488  0.008267   0.08053   0.01216
   245/499     2.92G   0.01265   0.08923   0.01256    0.1144       952       640    0.5092    0.7076    0.6014    0.4693  0.008015   0.07903   0.01242
   246/499     2.92G   0.01281    0.0875   0.01263    0.1129      1149       640    0.4812    0.7607    0.5943    0.4693  0.008145   0.07581   0.01221
   247/499     2.92G   0.01242   0.08521   0.01246    0.1101      1108       640    0.5047    0.7181    0.6098    0.4936  0.007772   0.07626   0.01224
   248/499     2.92G   0.01245    0.0852    0.0125    0.1101      1111       640    0.5235    0.7282     0.612    0.4547  0.008312   0.08811   0.01215
   249/499     2.92G   0.01193   0.08784   0.01255    0.1123      1245       640    0.5176    0.7431    0.5942     0.457  0.008102   0.09576   0.01275
   250/499     2.92G   0.01176   0.08292   0.01247    0.1071      1056       640    0.4975    0.7698    0.5889    0.4707  0.007889   0.07986    0.0131
   251/499     2.92G   0.01237   0.08315   0.01246     0.108      1111       640    0.5194     0.736    0.5989     0.471  0.007969    0.0762   0.01254
   252/499     2.92G    0.0124   0.08671   0.01255    0.1117      1020       640    0.5099    0.7507    0.6009    0.4807  0.007678   0.07822   0.01228
   253/499     2.92G   0.01224   0.08936   0.01239     0.114      1106       640    0.4858    0.7534     0.583     0.435  0.008246   0.07565   0.01254
   254/499     2.92G   0.01262   0.08147   0.01244    0.1065       860       640    0.5088    0.7167    0.5891     0.479  0.007675   0.07388   0.01258
   255/499     2.92G   0.01262   0.08882   0.01243    0.1139      1060       640    0.4859     0.722    0.5868    0.4687   0.00782   0.08016   0.01266
   256/499     2.92G   0.01309   0.09012   0.01255    0.1158      1849       640    0.5033    0.7401    0.5959    0.4686  0.007923   0.07358   0.01252
   257/499     2.92G   0.01238   0.08514    0.0124    0.1099       903       640     0.476     0.772    0.6133    0.4938  0.007503   0.06835   0.01186
   258/499     2.92G   0.01211   0.08601   0.01222    0.1103      1056       640    0.5169    0.7282    0.6237    0.4824  0.008368    0.0729   0.01185
   259/499     2.92G   0.01194   0.08445   0.01222    0.1086      1019       640    0.4986    0.7143    0.5929    0.4627   0.00811   0.07517   0.01252
   260/499     2.92G   0.01214   0.08452    0.0122    0.1089      1472       640    0.5151    0.6937    0.5943     0.466  0.008097   0.07519   0.01254
   261/499     2.92G   0.01199   0.08066   0.01222    0.1049       956       640    0.5414    0.6707    0.5973    0.4758  0.007685   0.07155   0.01235
   262/499     2.92G   0.01301   0.08557   0.01231    0.1109      1221       640    0.5238    0.7217    0.5981    0.4842  0.007446    0.0796   0.01222
   263/499     2.92G   0.01188   0.08744   0.01214    0.1115      1313       640    0.5533    0.7099    0.6108     0.491  0.007584   0.07335   0.01223
   264/499     2.92G   0.01234   0.08944   0.01216    0.1139       871       640    0.5152    0.6945    0.5946    0.4753  0.007901   0.07029   0.01243
   265/499     2.92G   0.01234   0.08266   0.01231    0.1073      1206       640    0.5104     0.723    0.5928    0.4729  0.007645   0.07151   0.01244
   266/499     2.92G   0.01236    0.0878   0.01229    0.1124      1281       640    0.5252     0.705    0.6112    0.4927  0.007511   0.07074   0.01196
   267/499     2.92G   0.01153   0.08786   0.01224    0.1116      1183       640    0.5231    0.7568    0.6241    0.4982  0.007758   0.08074   0.01153
   268/499     2.92G    0.0126    0.0847   0.01218    0.1095      1126       640    0.5425    0.7307    0.6322    0.4971  0.008091   0.08273   0.01158
   269/499     2.92G   0.01265   0.08919   0.01225    0.1141      1224       640    0.5426    0.7403    0.6208    0.4922  0.007745   0.07816   0.01187
   270/499     2.92G   0.01196   0.08398    0.0122    0.1081       958       640    0.5445    0.7201    0.6152    0.4843  0.008044   0.07285   0.01193
   271/499     2.92G   0.01225   0.08132   0.01226    0.1058       721       640       0.5    0.7063    0.5667    0.4587  0.007424   0.06877   0.01276
   272/499     2.92G   0.01165   0.08065   0.01207    0.1044       915       640    0.4944    0.7419     0.591    0.4776  0.007516   0.07616   0.01255
   273/499     2.92G   0.01207    0.0851   0.01202    0.1092      1219       640    0.5217    0.7752      0.62    0.4922  0.007814   0.07679   0.01177
   274/499     2.92G   0.01294   0.08757   0.01216    0.1127      1251       640    0.5403    0.7247    0.6238    0.5081  0.007418   0.07441   0.01198
   275/499     2.92G   0.01166    0.0821     0.012    0.1058      1339       640    0.5366    0.7587    0.6412    0.5196  0.007468   0.07327   0.01138
   276/499     2.92G   0.01198   0.08453    0.0121    0.1086       892       640    0.5313    0.7113    0.5896    0.4655  0.007754   0.07435   0.01232
   277/499     2.92G   0.01217   0.09027   0.01194    0.1144      1265       640    0.5403    0.7361    0.6109    0.4883  0.007764   0.07298   0.01217
   278/499     2.92G   0.01239   0.08586   0.01215    0.1104      1169       640    0.5238    0.7509    0.6284    0.4938  0.007854   0.07196   0.01183
   279/499     2.92G   0.01164   0.08144   0.01194     0.105       955       640    0.5185    0.7215    0.6186    0.4974  0.007522    0.0692   0.01191
   280/499     2.92G   0.01218    0.0813   0.01203    0.1055      1344       640    0.5255    0.7291    0.6333    0.4914  0.007932   0.07455    0.0116
   281/499     2.92G    0.0122    0.0887   0.01197    0.1129       882       640    0.5444    0.7413    0.6281    0.5081  0.007578   0.07537    0.0116
   282/499     2.92G   0.01122   0.07993   0.01196    0.1031      1438       640    0.5302    0.7549     0.626    0.5051  0.007457   0.06946   0.01157
   283/499     2.92G   0.01169   0.08364   0.01194    0.1073      1150       640     0.517    0.7582    0.6209    0.5013  0.007451    0.0677   0.01188
   284/499     2.92G   0.01204   0.08527   0.01179    0.1091       931       640    0.5392    0.7366    0.6257    0.4958  0.007769   0.07127    0.0118
   285/499     2.92G   0.01234     0.085   0.01205    0.1094      1172       640    0.5355     0.703     0.608     0.486  0.007739   0.07062   0.01214
   286/499     2.92G   0.01129   0.07762   0.01191    0.1008      1341       640     0.521    0.7963    0.6305    0.5031  0.007645   0.06993   0.01155
   287/499     2.92G   0.01183   0.08312   0.01199    0.1069       832       640    0.5331    0.7805    0.6361    0.5206  0.007222   0.06575   0.01132
   288/499     2.92G   0.01205   0.08341   0.01176    0.1072       672       640    0.5388    0.7479    0.6234     0.484  0.008204   0.07085   0.01172
   289/499     2.92G   0.01176   0.08212   0.01189    0.1058      1328       640    0.4919    0.7365    0.5697    0.4527   0.00791   0.07381   0.01266
   290/499     2.92G   0.01148   0.08368   0.01199    0.1071      1530       640    0.5124    0.7682    0.6176    0.4966  0.007476   0.06436   0.01191
   291/499     2.92G   0.01199    0.0825   0.01199    0.1065      1094       640    0.5171    0.7291    0.6113    0.4792   0.00809     0.072   0.01218
   292/499     2.92G     0.012   0.08247   0.01172    0.1062      1273       640    0.5195    0.7266    0.6021    0.4843  0.007611   0.07644   0.01234
   293/499     2.92G   0.01117   0.08128   0.01169    0.1041      1045       640    0.5556    0.7369    0.6328    0.5133  0.007412   0.06776   0.01147
   294/499     2.92G   0.01111   0.07907   0.01169    0.1019      1149       640    0.5274    0.7954    0.6346    0.5098  0.007651   0.06839   0.01147
   295/499     2.92G   0.01127   0.08008   0.01177    0.1031      1420       640    0.5737    0.6895    0.6106    0.4752  0.008128   0.08344   0.01218
   296/499     2.92G   0.01147   0.08337   0.01171    0.1066       806       640    0.5627    0.7204    0.6069    0.4908  0.007643   0.07891   0.01222
   297/499     2.92G   0.01169   0.08134   0.01174    0.1048       993       640    0.5229    0.7833    0.6169    0.5028  0.007418   0.07688   0.01183
   298/499     2.92G   0.01158   0.08153   0.01173    0.1048       946       640    0.5115    0.7466    0.6024    0.4683  0.008066   0.09828    0.0121
   299/499     2.92G   0.01104   0.08248   0.01168    0.1052       652       640     0.527    0.7393    0.6201    0.4809  0.008035   0.09444   0.01178
   300/499     2.92G   0.01164   0.08085   0.01173    0.1042       640       640    0.5466    0.7036    0.6208    0.4698  0.008691   0.08007    0.0119
   301/499     2.92G   0.01108   0.07951   0.01162    0.1022      1116       640    0.5041    0.7664    0.6165    0.4929  0.007735   0.07578   0.01185
   302/499     2.92G   0.01211   0.08017   0.01176     0.104      1169       640    0.5549    0.7475    0.6329    0.4922   0.00786   0.08001   0.01153
   303/499     2.92G   0.01216   0.08242   0.01186    0.1064       867       640    0.5464    0.7692    0.6385    0.5133  0.007572   0.07308   0.01108
   304/499     2.92G   0.01132   0.08023   0.01167    0.1032      1361       640      0.56    0.7565    0.6449    0.5153  0.007705   0.07706   0.01109
   305/499     2.92G    0.0115   0.08015   0.01161    0.1033       897       640    0.4792    0.7649    0.5596    0.4468  0.007879   0.07695   0.01295
   306/499     2.92G   0.01148   0.08248   0.01155    0.1055      1291       640    0.5711    0.7376    0.6261    0.4931  0.007844   0.08073   0.01159
   307/499     2.92G   0.01145   0.07761   0.01153    0.1006       941       640    0.5987    0.7229    0.6447    0.5189  0.007601   0.08042   0.01138
   308/499     2.92G   0.01152    0.0818   0.01154    0.1049      1334       640    0.5303    0.7571    0.6099    0.4918  0.007561   0.07534   0.01198
   309/499     2.92G    0.0113   0.08254    0.0117    0.1055      1393       640    0.5303    0.7402    0.6127    0.4987  0.007344   0.07071   0.01191
   310/499     2.92G   0.01173   0.08242   0.01161    0.1058       804       640    0.5403    0.7296    0.6323    0.5047  0.007913   0.07066   0.01155
   311/499     2.92G   0.01172   0.07901   0.01152    0.1023      1113       640    0.5229    0.7296    0.6135    0.4977  0.007366   0.06355   0.01194
   312/499     2.92G   0.01132   0.08093   0.01157    0.1038      1225       640    0.5534    0.7107    0.6313    0.5102  0.007489   0.06487   0.01153
   313/499     2.92G   0.01181   0.08172   0.01174    0.1053      1205       640    0.5183    0.7548    0.6195    0.4964   0.00754   0.06746   0.01181
   314/499     2.92G   0.01259   0.08154   0.01175    0.1059       967       640    0.5555    0.7738    0.6372    0.5068   0.00792   0.07769    0.0117
   315/499     2.92G   0.01235   0.08008   0.01169    0.1041      1658       640    0.5612     0.765     0.642    0.5306  0.007243   0.07565   0.01145
   316/499     2.92G   0.01179   0.08079   0.01188    0.1045      1173       640    0.5373    0.7553    0.6284    0.5069  0.007478    0.0748   0.01161
   317/499     2.92G   0.01147   0.07826   0.01156    0.1013      1083       640    0.5424    0.7494    0.6247    0.4919  0.007908   0.07855   0.01163
   318/499     2.92G   0.01149   0.08245   0.01153    0.1055       795       640    0.5242    0.7566    0.6167    0.4997  0.007427   0.07424   0.01194
   319/499     2.92G   0.01115   0.08081   0.01149    0.1034      1216       640    0.5152    0.7779     0.603    0.4814  0.007602   0.07011   0.01218
   320/499     2.92G   0.01207   0.07942    0.0117    0.1032      1249       640    0.5652    0.7666    0.6504    0.5271  0.007489   0.06703   0.01114
   321/499     2.92G   0.01169   0.08254   0.01167    0.1059      1547       640    0.5626    0.7756    0.6602    0.5357  0.007496   0.07041   0.01076
   322/499     2.92G   0.01085   0.07933   0.01128    0.1015      1131       640    0.5722    0.7361    0.6473    0.5206  0.007494   0.07478   0.01105
   323/499     2.92G   0.01028   0.07794   0.01119   0.09941       818       640    0.5759    0.7564    0.6625    0.5426  0.007251   0.07312   0.01071
   324/499     2.92G   0.01127   0.08006   0.01145    0.1028      1293       640    0.5476    0.7538    0.6296    0.5124  0.007444   0.07187   0.01146
   325/499     2.92G   0.01128   0.08034   0.01156    0.1032       797       640    0.5446    0.7197    0.5998    0.4894  0.007455   0.07345   0.01209
   326/499     2.92G    0.0117   0.07873   0.01161     0.102       722       640    0.5671    0.7559     0.645    0.5285  0.007328   0.06709   0.01123
   327/499     2.92G   0.01106   0.08002   0.01121    0.1023       807       640    0.5478    0.7671    0.6571    0.5343  0.007382   0.06532   0.01098
   328/499     2.92G   0.01143   0.08075   0.01155    0.1037      1305       640    0.5551    0.7479    0.6483    0.5198  0.007586   0.06638   0.01118
   329/499     2.92G   0.01188   0.07781   0.01162    0.1013       893       640    0.5535    0.7627    0.6438    0.5197  0.007491   0.06832   0.01139
   330/499     2.92G   0.01071   0.07949   0.01139    0.1016      1046       640    0.5597    0.7163    0.6305    0.5075  0.007626   0.07002   0.01182
   331/499     2.92G   0.01091   0.07816   0.01132    0.1004       929       640    0.5872    0.7024     0.649    0.5263  0.007474   0.06695    0.0114
   332/499     2.92G   0.01157   0.08068    0.0115    0.1038      1112       640    0.5979    0.7235    0.6489    0.5271  0.007463   0.06968   0.01121
   333/499     2.92G   0.01134   0.08273   0.01142    0.1055       653       640     0.528    0.7438    0.6143    0.4909  0.007595   0.08632   0.01165
   334/499     2.92G   0.01168     0.081   0.01143    0.1041      1439       640    0.5919    0.7537    0.6627     0.543  0.007419   0.07384   0.01053
   335/499     2.92G   0.01132   0.08307   0.01147    0.1059       815       640    0.6029    0.7212    0.6549     0.513  0.008034   0.07426   0.01102
   336/499     2.92G    0.0119    0.0844   0.01169     0.108      1088       640    0.5458     0.715    0.5898    0.4693  0.007674   0.07463   0.01239
   337/499     2.92G   0.01187   0.07821    0.0117    0.1018      1135       640    0.4958    0.7438    0.5734    0.4513  0.007771   0.08279   0.01262
   338/499     2.92G   0.01218   0.08209   0.01169     0.106      1444       640    0.5197    0.7436    0.6034    0.4805  0.007766   0.08549   0.01213
   339/499     2.92G   0.01162   0.08077   0.01149    0.1039      1252       640    0.5553    0.7705    0.6514    0.5116  0.007985   0.07556   0.01115
   340/499     2.92G   0.01085   0.07833   0.01134    0.1005      1375       640    0.5958    0.7312    0.6597    0.5242  0.007898   0.08123   0.01077
   341/499     2.92G   0.01127   0.08013   0.01152    0.1029      1158       640    0.4989    0.7698    0.5889    0.4534  0.008355    0.1153   0.01246
   342/499     2.92G   0.01166   0.07821    0.0116    0.1015       968       640    0.5045    0.7967    0.5804    0.4361  0.008683    0.1031   0.01257
   343/499     2.92G   0.01108   0.07797    0.0114    0.1004      1072       640    0.5564    0.7694     0.624    0.4953  0.007763   0.09719    0.0116
   344/499     2.92G   0.01119   0.08136    0.0115     0.104      1275       640    0.5636    0.7047    0.6001    0.4811  0.007594   0.08772   0.01191
   345/499     2.92G   0.01111   0.07837   0.01128    0.1008       737       640    0.5631    0.7485    0.6323    0.5017  0.007648   0.08132   0.01133
   346/499     2.92G   0.01099   0.08251   0.01124    0.1047      1106       640    0.5865     0.723     0.643    0.5079  0.007745   0.07709   0.01108
   347/499     2.92G    0.0107   0.07706   0.01118   0.09894      1059       640    0.5583    0.7394    0.6394    0.4917  0.008067    0.0871   0.01123
   348/499     2.92G    0.0118   0.08108    0.0114    0.1043      1355       640    0.5865    0.7258    0.6483    0.5082  0.007837    0.1141   0.01109
   349/499     2.92G    0.0114   0.07711   0.01112   0.09963      1261       640    0.5973    0.6952    0.6443    0.4927  0.008034    0.1045   0.01126
   350/499     2.92G   0.01131    0.0796   0.01141    0.1023       920       640     0.529    0.7459    0.5983    0.4599  0.007985    0.1008   0.01207
   351/499     2.92G   0.01068   0.07741   0.01125   0.09934       779       640    0.5462    0.7507    0.6146    0.4731  0.008081     0.102   0.01173
   352/499     2.92G   0.01099   0.07835   0.01132    0.1007      1390       640    0.5694    0.7359    0.6289    0.5103  0.007444   0.08283    0.0115
   353/499     2.92G   0.01081   0.07952   0.01147    0.1018       821       640    0.5596    0.7304    0.6309    0.5172  0.007334    0.0677   0.01152
   354/499     2.92G   0.01184   0.08053   0.01145    0.1038      1674       640    0.5442    0.7789    0.6478    0.5187  0.007599   0.06905   0.01117
   355/499     2.92G   0.01147   0.08093   0.01129    0.1037      1214       640     0.558    0.7118    0.6174    0.4891  0.007666   0.07657   0.01158
   356/499     2.92G   0.01081   0.07742   0.01114   0.09937      1252       640    0.5858    0.7509    0.6523    0.5239  0.007528   0.07736   0.01107
   357/499     2.92G   0.01119   0.07868   0.01136    0.1012      1124       640    0.5832     0.734    0.6546    0.5347  0.007366    0.0733   0.01098
   358/499     2.92G    0.0101   0.07618   0.01091   0.09719      1338       640    0.5299    0.7809    0.6384     0.513   0.00747   0.07159   0.01133
   359/499     2.92G   0.01074   0.07712   0.01121   0.09907      1094       640    0.5688    0.7709    0.6551    0.5306  0.007467    0.0691   0.01098
   360/499     2.92G   0.01115   0.07724   0.01123   0.09962       906       640    0.5896     0.757    0.6621    0.5382  0.007371    0.0719   0.01074
   361/499     2.92G   0.01131   0.08012   0.01131    0.1027      1196       640    0.5717    0.7632    0.6533    0.5325  0.007355   0.08002   0.01107
   362/499     2.92G   0.01111   0.07788   0.01139    0.1004      1565       640    0.5428    0.7602     0.629    0.4965  0.007833    0.0808   0.01145
   363/499     2.92G   0.01114   0.07923    0.0113    0.1017      1257       640    0.5873    0.7196    0.6536     0.522  0.007707   0.07245     0.011
   364/499     2.92G   0.01107   0.07915   0.01135    0.1016      1165       640    0.5839    0.7602     0.663    0.5409  0.007323   0.07265   0.01078
   365/499     2.92G   0.01111   0.07943   0.01125    0.1018      1033       640    0.5645    0.7592    0.6571    0.5282   0.00755   0.08762   0.01092
   366/499     2.92G   0.01063    0.0744   0.01094   0.09597       841       640    0.5736    0.7605    0.6679    0.5295  0.007753   0.08339   0.01068
   367/499     2.92G   0.01132   0.07615    0.0113   0.09877      1122       640    0.5627    0.7731    0.6434    0.5147  0.007514   0.07634   0.01119
   368/499     2.92G   0.01105   0.07389   0.01129   0.09623      1166       640    0.5043    0.7803    0.5845    0.4667  0.007595   0.08245   0.01258
   369/499     2.92G   0.01089   0.07785   0.01112   0.09986      1349       640    0.5234    0.7806     0.612    0.4967  0.007422   0.09155   0.01191
   370/499     2.92G   0.01152   0.07365   0.01129   0.09646       924       640    0.5878    0.7525    0.6543    0.5184  0.007801   0.09795   0.01101
   371/499     2.92G   0.01049   0.07523   0.01091   0.09663       605       640    0.5993    0.7483    0.6555    0.5265  0.007686   0.07336   0.01096
   372/499     2.92G   0.01111   0.07919   0.01125    0.1016       804       640    0.6197      0.72    0.6704    0.5356  0.007655   0.07069   0.01045
   373/499     2.92G    0.0107   0.07612   0.01119     0.098       851       640    0.5827    0.7242    0.6515     0.527  0.007519    0.0716   0.01104
   374/499     2.92G   0.01094   0.07481   0.01105    0.0968       991       640    0.5703    0.7344    0.6364    0.5078  0.007721   0.08174   0.01133
   375/499     2.92G   0.01057    0.0765   0.01098   0.09806      1082       640    0.5871    0.7302    0.6515    0.5402  0.007229   0.07248   0.01119
   376/499     2.92G   0.01092   0.07863    0.0111    0.1007      1071       640    0.5767    0.7392     0.648    0.5295  0.007387   0.07129   0.01129
   377/499     2.92G   0.01101   0.07918   0.01121    0.1014      1031       640    0.6076    0.7236    0.6656    0.5482  0.007247   0.06939   0.01076
   378/499     2.92G    0.0105    0.0735   0.01099   0.09499      1332       640    0.5864    0.7635    0.6774    0.5449  0.007536     0.075   0.01038
   379/499     2.92G   0.01059   0.07612   0.01114   0.09785      1223       640    0.5854    0.7556    0.6486    0.5271  0.007537   0.08352   0.01122
   380/499     2.92G   0.01114   0.08103    0.0111    0.1033      1040       640    0.5909    0.7472    0.6396    0.5137  0.007673   0.08481   0.01137
   381/499     2.92G   0.01086   0.07913   0.01136    0.1014       948       640    0.5827    0.7466     0.648    0.5272  0.007445   0.07298   0.01117
   382/499     2.92G   0.01071   0.07464   0.01094    0.0963      1348       640    0.5835     0.739    0.6627    0.5395  0.007332   0.07674   0.01081
   383/499     2.92G   0.01057   0.07442   0.01102   0.09602       931       640      0.59    0.7586    0.6768     0.543    0.0075   0.07326   0.01048
   384/499     2.92G   0.01097    0.0767   0.01126   0.09893      1624       640    0.5776     0.742    0.6424    0.5161  0.007607    0.0732   0.01133
   385/499     2.92G   0.01077   0.07533   0.01111   0.09721       769       640    0.6092    0.7011    0.6494    0.5222  0.007634   0.07437   0.01146
   386/499     2.92G   0.01061   0.07804   0.01096   0.09961      1226       640    0.6071    0.7435    0.6697    0.5429  0.007523   0.07736    0.0107
   387/499     2.92G   0.01046   0.07268   0.01086     0.094      1017       640    0.5406    0.7587    0.6303    0.5019  0.007704   0.08832   0.01124
   388/499     2.92G   0.01061   0.07559   0.01095   0.09714       943       640    0.5336    0.7983    0.6354    0.5175  0.007364   0.08254   0.01121
   389/499     2.92G   0.01128   0.08029   0.01115    0.1027      1013       640     0.624    0.7203     0.677    0.5447  0.007515   0.08295   0.01053
   390/499     2.92G   0.01059   0.07441   0.01106   0.09606      1113       640    0.6087    0.7264    0.6697     0.536  0.007607   0.08572   0.01073
   391/499     2.92G   0.01028   0.08041   0.01101    0.1017       984       640    0.5992    0.6978     0.641    0.5074  0.007603   0.08336   0.01122
   392/499     2.92G   0.01046   0.07618   0.01079   0.09743      1391       640    0.5755     0.764     0.657    0.5077  0.007825   0.09463   0.01086
   393/499     2.92G   0.01069   0.07687   0.01099   0.09855      1101       640    0.5984    0.7755    0.6847    0.5092  0.008179    0.1284   0.01039
   394/499     2.92G   0.01079   0.07787   0.01094   0.09959       602       640     0.605    0.7403    0.6693    0.4964  0.008168    0.1195   0.01077
   395/499     2.92G   0.01077    0.0765   0.01092   0.09819      1054       640    0.6036    0.7382    0.6724    0.5011  0.008182    0.1041   0.01062
   396/499     2.92G   0.01089   0.07491   0.01099   0.09679       918       640    0.6101    0.7483    0.6769    0.5223  0.007831   0.08883   0.01048
   397/499     2.92G    0.0108   0.07442   0.01101   0.09624      1252       640    0.5712    0.7694    0.6506    0.4919  0.008038    0.1043   0.01108
   398/499     2.92G   0.01103   0.07722    0.0112   0.09945       928       640    0.5792    0.7667     0.658    0.5109  0.007856      0.11   0.01087
   399/499     2.92G   0.01117   0.07429   0.01102   0.09648      1087       640    0.5947    0.7344    0.6636    0.5278   0.00772    0.1031   0.01068
   400/499     2.92G   0.01113   0.07674   0.01102   0.09889      1215       640    0.6042    0.7528    0.6766    0.5408  0.007656    0.0896   0.01039
   401/499     2.92G   0.01006   0.07319    0.0107   0.09395       853       640    0.5945    0.8006    0.6889    0.5644  0.007294   0.07702   0.01007
   402/499     2.92G   0.01081   0.07676    0.0111   0.09867      1013       640    0.6071    0.7451    0.6773    0.5535  0.007325   0.08252   0.01047
   403/499     2.92G   0.01086   0.07495   0.01112   0.09694      1027       640     0.547    0.7338    0.6221    0.5039  0.007506   0.09412   0.01162
   404/499     2.92G   0.01128   0.07576   0.01112   0.09817       699       640    0.5864    0.7109    0.6375    0.5061  0.007674   0.09183   0.01135
   405/499     2.92G   0.01087   0.07337   0.01111   0.09535       873       640    0.5665    0.7673    0.6559    0.5385  0.007241   0.07447   0.01083
   406/499     2.92G   0.01032   0.07348   0.01095   0.09475      1428       640    0.6189    0.7443    0.6813    0.5593  0.007186   0.06914   0.01029
   407/499     2.92G   0.01101    0.0758   0.01123   0.09804      1070       640    0.5986     0.748    0.6602    0.5468  0.007138   0.07273   0.01076
   408/499     2.92G   0.01074   0.07697    0.0109   0.09861      1415       640    0.6085    0.7089      0.65    0.5394  0.007165   0.07744   0.01087
   409/499     2.92G   0.01073   0.07264   0.01082    0.0942      1429       640    0.5912    0.7802    0.6755    0.5596  0.007173   0.07772    0.0104
   410/499     2.92G   0.01126   0.07858   0.01113     0.101      1335       640    0.6209    0.7426    0.6864    0.5598  0.007284   0.07279   0.01015
   411/499     2.92G   0.01096   0.07593   0.01113   0.09802      1360       640    0.5849    0.8071    0.6887    0.5629  0.007277   0.07554   0.01024
   412/499     2.92G   0.01102   0.07403   0.01106   0.09611      1211       640     0.612     0.781    0.6828    0.5626  0.007213   0.07641    0.0105
   413/499     2.92G    0.0108     0.078   0.01103   0.09982       915       640    0.6324    0.7424    0.6874    0.5716  0.007169   0.07965   0.01022
   414/499     2.92G   0.01031   0.07475   0.01086   0.09593      1233       640    0.6094    0.7501     0.674    0.5579  0.007128   0.07271   0.01041
   415/499     2.92G    0.0108   0.07662   0.01098    0.0984       730       640    0.5922     0.754    0.6578    0.5403  0.007267    0.0708   0.01073
   416/499     2.92G   0.01041   0.07295   0.01105   0.09441       858       640     0.616    0.7119    0.6636    0.5368  0.007475   0.07082   0.01063
   417/499     2.92G    0.0111   0.07826   0.01107    0.1004      1424       640    0.5989    0.7588    0.6774    0.5519  0.007344   0.07218   0.01042
   418/499     2.92G   0.01071   0.07892     0.011    0.1006       826       640    0.5916     0.752    0.6652    0.5438  0.007291   0.07138   0.01074
   419/499     2.92G   0.01054   0.07247   0.01085   0.09387      1409       640    0.6006    0.7314     0.664    0.5457  0.007259   0.07045   0.01075
   420/499     2.92G   0.01054   0.07355   0.01082   0.09491       734       640    0.6165    0.7216     0.666    0.5495   0.00728   0.07294    0.0106
   421/499     2.92G   0.01086   0.07526   0.01107   0.09719      1357       640      0.62    0.7143    0.6679     0.547  0.007316   0.07508   0.01056
   422/499     2.92G   0.01063   0.07379   0.01094   0.09536      1014       640     0.595    0.7651    0.6648    0.5492  0.007305   0.07332   0.01071
   423/499     2.92G    0.0105    0.0762   0.01085   0.09755       855       640    0.6049    0.7478    0.6737    0.5554  0.007202   0.07101   0.01044
   424/499     2.92G   0.01085     0.073   0.01102   0.09487       967       640    0.5518     0.747    0.6147    0.5064  0.007273   0.07124   0.01154
   425/499     2.92G  0.009871   0.07426   0.01067    0.0948      1124       640    0.5686    0.7834     0.644    0.5284  0.007376   0.07163   0.01123
   426/499     2.92G   0.01078   0.07498   0.01083   0.09659      1445       640    0.6164    0.7558    0.6791    0.5635  0.007138   0.06943   0.01045
   427/499     2.92G   0.01069   0.07619   0.01087   0.09775      1205       640    0.6164    0.7626    0.6913    0.5699  0.007337   0.07648    0.0102
   428/499     2.92G    0.0106   0.07301   0.01074   0.09435      1194       640    0.5998    0.7389    0.6732    0.5588  0.007022   0.07707   0.01052
   429/499     2.92G   0.01102   0.07826   0.01085    0.1001       986       640    0.5905    0.7653    0.6731    0.5591  0.007085   0.07199    0.0104
   430/499     2.92G   0.01068   0.07639   0.01083    0.0979      1107       640    0.6014    0.7603    0.6799    0.5594  0.007224   0.07228   0.01027
   431/499     2.92G   0.01097   0.07494   0.01099    0.0969      1081       640    0.6046    0.7897    0.6922    0.5675  0.007265   0.07234   0.01005
   432/499     2.92G  0.009799   0.07489   0.01061    0.0953      1420       640    0.5937    0.7979    0.6973    0.5796  0.007124   0.06762  0.009871
   433/499     2.92G   0.01063   0.07213    0.0109   0.09366      1008       640    0.5701    0.8021    0.6819    0.5609  0.007146   0.06389   0.01038
   434/499     2.92G   0.01096   0.07703   0.01097   0.09896      1098       640    0.5752     0.756    0.6648    0.5484  0.007202   0.06541    0.0108
   435/499     2.92G   0.01093   0.07806   0.01093   0.09993      1132       640    0.5843    0.7029    0.6295    0.5176  0.007155   0.06637   0.01147
   436/499     2.92G   0.01087      0.08   0.01108     0.102       908       640    0.6001    0.7064    0.6547     0.543  0.007089   0.06782   0.01108
   437/499     2.92G    0.0116   0.07732   0.01096   0.09988       958       640    0.6151    0.7068    0.6584    0.5487  0.007154   0.07094   0.01081
   438/499     2.92G   0.01069     0.081   0.01091    0.1026      1203       640    0.5723    0.8066     0.676    0.5604  0.007202   0.07358    0.0104
   439/499     2.92G   0.01135   0.07917   0.01103    0.1016      1268       640    0.5983     0.767    0.6818    0.5577  0.007258   0.07051   0.01018
   440/499     2.92G   0.01037   0.07557   0.01064   0.09658      1123       640     0.599    0.7764    0.6871    0.5722  0.007162   0.06973   0.01012
   441/499     2.92G   0.01021   0.07428   0.01066   0.09516      1295       640    0.5979    0.7331    0.6474    0.5257  0.007405   0.07433   0.01085
   442/499     2.92G   0.01089   0.07566   0.01091   0.09746      1303       640    0.5851    0.7442    0.6345     0.506  0.007797   0.08663   0.01106
   443/499     2.92G   0.01064   0.07518   0.01082   0.09663       817       640    0.5849    0.7484    0.6433     0.522  0.007426   0.08759   0.01102
   444/499     2.92G   0.01093   0.07741   0.01099   0.09932      1078       640    0.5819    0.7319     0.635    0.5246   0.00723   0.08008   0.01135
   445/499     2.92G   0.01025   0.07242   0.01078   0.09345       657       640    0.6063    0.7619    0.6775    0.5634  0.007039   0.07179   0.01035
   446/499     2.92G   0.01075   0.07504   0.01072   0.09651      1286       640    0.5773    0.7874    0.6585    0.5446   0.00716   0.07088   0.01077
   447/499     2.92G   0.01097    0.0769     0.011   0.09886      1022       640    0.5668    0.7319    0.6247    0.5087  0.007373   0.07463    0.0115
   448/499     2.92G   0.01121   0.07714   0.01133   0.09968      1284       640    0.5699    0.7012    0.6149    0.5024  0.007282   0.06877   0.01177
   449/499     2.92G    0.0105   0.07699   0.01075   0.09824       990       640    0.5742     0.708    0.6312    0.5189  0.007156   0.06401   0.01148
   450/499     2.92G    0.0107   0.07429   0.01079   0.09578       918       640    0.5962    0.7228    0.6517    0.5442  0.006956   0.06394   0.01109
   451/499     2.92G   0.01077   0.07541   0.01078   0.09696      1175       640    0.6211    0.7483    0.6906    0.5732  0.007107   0.06795   0.01025
   452/499     2.92G   0.01085   0.07814   0.01092   0.09992      1024       640    0.6141    0.7509    0.6791     0.562  0.007179   0.07436   0.01047
   453/499     2.92G   0.01033   0.07314    0.0108   0.09427      1115       640    0.5991    0.7133    0.6527    0.5364  0.007245   0.07547   0.01094
   454/499     2.92G    0.0109   0.07416   0.01093   0.09599      1337       640    0.6085    0.7539    0.6863    0.5684  0.007042   0.06811   0.01031
   455/499     2.92G    0.0101    0.0737   0.01067   0.09447      1090       640    0.6267    0.7592    0.6924    0.5693  0.007155   0.06754   0.01004
   456/499     2.92G   0.01087   0.07539   0.01084    0.0971      1418       640    0.6116     0.779    0.6959    0.5713  0.007162   0.06676  0.009983
   457/499     2.92G   0.01127   0.07077   0.01107   0.09311      1447       640      0.61    0.7712    0.6858      0.56  0.007222    0.0681   0.01016
   458/499     2.92G   0.01075   0.07674   0.01082   0.09831      1039       640    0.5894     0.758    0.6634    0.5461  0.007141   0.06639   0.01058
   459/499     2.92G   0.01046   0.07588   0.01083   0.09717       859       640    0.5689    0.7536    0.6521    0.5368  0.007173   0.06902   0.01091
   460/499     2.92G   0.01074   0.07429    0.0108   0.09584      1036       640    0.6085    0.7356    0.6849    0.5626   0.00724    0.0728   0.01035
   461/499     2.92G   0.01044   0.07145   0.01076   0.09266      1321       640    0.6146    0.7515    0.6908    0.5618  0.007456   0.07849   0.01028
   462/499     2.92G   0.01003   0.07225   0.01055   0.09283       843       640    0.5914    0.7595    0.6688    0.5404  0.007553   0.08452   0.01071
   463/499     2.92G    0.0105   0.07459   0.01074   0.09584      1039       640    0.6113    0.7561    0.6896    0.5647  0.007278   0.06957   0.01016
   464/499     2.92G   0.01064   0.07396   0.01088   0.09549      1272       640    0.6206    0.7508     0.698    0.5784  0.007042    0.0642   0.01006
   465/499     2.92G   0.01026   0.07302   0.01054   0.09383      1115       640     0.607    0.7616    0.6869    0.5732  0.006938   0.06182   0.01029
   466/499     2.92G   0.01026   0.07497   0.01063   0.09587       908       640    0.5772    0.7923    0.6782     0.567  0.006956   0.06259   0.01049
   467/499     2.92G   0.01083   0.07528   0.01092   0.09703      1152       640     0.595    0.6998    0.6389    0.5316  0.007103   0.06682   0.01131
   468/499     2.92G   0.01072   0.07541   0.01083   0.09696      1199       640    0.5939     0.702    0.6409    0.5321  0.007106   0.06679   0.01122
   469/499     2.92G   0.01088   0.07415   0.01085   0.09587      1089       640      0.61    0.7296    0.6773     0.565  0.006981   0.06538   0.01052
   470/499     2.92G    0.0108   0.07457   0.01078   0.09615       766       640    0.6147    0.7441     0.689    0.5743   0.00703   0.06544   0.01036
   471/499     2.92G   0.01049   0.07474   0.01072   0.09595      1186       640    0.6336    0.7386    0.6991    0.5786  0.007066   0.06303  0.009971
   472/499     2.92G   0.01059   0.07718   0.01084   0.09861      1022       640    0.6095    0.7634    0.6887     0.566  0.007203    0.0658   0.01007
   473/499     2.92G   0.01059   0.07377   0.01076   0.09512       876       640    0.5936    0.7569    0.6638    0.5444   0.00722   0.06923   0.01081
   474/499     2.92G  0.009851   0.07188   0.01036   0.09209       755       640    0.6247    0.7659    0.7021     0.574  0.007265   0.07231   0.01013
   475/499     2.92G   0.01067   0.07548   0.01082   0.09697      1328       640    0.6044    0.7977    0.7024    0.5724  0.007274   0.07752  0.009949
   476/499     2.92G   0.01036   0.07444   0.01072   0.09552      1000       640    0.6196    0.7552    0.6882    0.5516  0.007511   0.08573   0.01022
   477/499     2.92G   0.01055   0.07457   0.01079    0.0959       829       640    0.6067    0.7518    0.6801    0.5417  0.007662   0.09418   0.01045
   478/499     2.92G   0.01088   0.07771   0.01086   0.09945      1016       640    0.6191    0.7121    0.6697    0.5305  0.007692   0.08649   0.01068
   479/499     2.92G   0.01076   0.07482   0.01071   0.09629      1224       640    0.5999    0.7508     0.675    0.5309  0.007809   0.09937   0.01055
   480/499     2.92G   0.00995   0.07348   0.01046   0.09389      1073       640    0.6015    0.7118    0.6558    0.5248  0.007581   0.08588   0.01096
   481/499     2.92G   0.01114   0.07528   0.01071   0.09712      1338       640    0.6027    0.7666    0.6805    0.5509  0.007452   0.08813   0.01034
   482/499     2.92G   0.01123   0.07696    0.0108   0.09899      1191       640    0.5997    0.7427    0.6638    0.5279   0.00765   0.08741    0.0106
   483/499     2.92G  0.009712   0.07152   0.01049   0.09172       968       640    0.6045    0.7934    0.6899    0.5494  0.007637     0.082   0.01004
   484/499     2.92G   0.01065   0.07555   0.01075   0.09695      1199       640    0.5999    0.7752    0.6769    0.5519  0.007368   0.07784   0.01044
   485/499     2.92G    0.0103   0.07135   0.01052   0.09217      1012       640    0.5975    0.8072    0.6953     0.569  0.007249   0.07527   0.01004
   486/499     2.92G   0.01025   0.07156   0.01066   0.09248      1082       640    0.6145     0.772    0.7013    0.5737  0.007289   0.07569   0.00993
   487/499     2.92G   0.01086   0.07245   0.01077   0.09408      1069       640    0.6096    0.7897    0.7071     0.577  0.007316   0.08537  0.009809
   488/499     2.92G   0.01081   0.07463   0.01076   0.09621      1200       640    0.6179    0.7709    0.6997    0.5755  0.007186   0.08294   0.01007
   489/499     2.92G   0.01036   0.07394   0.01067   0.09497      1165       640    0.6175     0.708    0.6626    0.5363  0.007453   0.08251   0.01109
   490/499     2.92G   0.01104   0.07614   0.01079   0.09798      1127       640      0.63    0.7547    0.7003    0.5728  0.007276    0.0789   0.01005
   491/499     2.92G   0.01038   0.07195   0.01064   0.09297      1045       640    0.6136    0.7538    0.6892    0.5612  0.007366   0.07882   0.01018
   492/499     2.92G  0.009799   0.07042   0.01045   0.09066      1020       640     0.608    0.7776    0.6883    0.5619  0.007349   0.07928   0.01014
   493/499     2.92G  0.009987   0.07305   0.01074   0.09378      1302       640    0.6386    0.7463    0.7022    0.5724  0.007334   0.07855  0.009882
   494/499     2.92G   0.01051   0.07838   0.01084   0.09973      1320       640    0.6321    0.7438    0.6947    0.5738  0.007194   0.07144   0.01022
   495/499     2.92G   0.01054   0.07546    0.0108    0.0968      1300       640    0.6159     0.743    0.6864    0.5545  0.007486   0.07317   0.01046
   496/499     2.92G   0.01078   0.07347   0.01088   0.09513      1096       640    0.6105    0.7308    0.6818     0.549   0.00757   0.07716   0.01044
   497/499     2.92G   0.01073   0.07442   0.01082   0.09597      1067       640    0.6113    0.7398    0.6825    0.5472  0.007627   0.07509   0.01037
   498/499     2.92G   0.01027   0.07264   0.01061   0.09352      1079       640    0.5982    0.7899    0.6953     0.572  0.007221   0.06813   0.01013
   499/499     2.92G   0.01047   0.07422   0.01061    0.0953      1394       640    0.6437    0.7079    0.6847    0.5686  0.007097   0.06968   0.01042
