     0/499     3.46G   0.04702   0.09645   0.01963    0.1631      1067       640         0         0         0         0    0.0469   0.09035   0.01952
     1/499     2.89G    0.0467   0.08128   0.01945    0.1474       986       640  0.002085  0.004981 7.841e-05 1.392e-05   0.04622   0.07757   0.01951
     2/499     2.89G   0.04595   0.07544   0.01922    0.1406      1336       640  0.007093   0.01113 0.0002248 4.528e-05    0.0451   0.08143   0.01956
     3/499     2.89G   0.04385   0.08211   0.01901     0.145      1173       640   0.02245   0.06779  0.002515 0.0004003   0.04186    0.1017    0.0194
     4/499     2.89G   0.04038   0.09318    0.0187    0.1523      1382       640   0.04627    0.2033    0.0221  0.004286   0.03594     0.125   0.01892
     5/499     2.89G   0.03633    0.1121   0.01844    0.1669      1465       640   0.08663    0.2951   0.04241   0.01084   0.03041    0.1433   0.01848
     6/499     2.89G   0.03232     0.124   0.01816    0.1745      1112       640   0.07521    0.2461   0.02588  0.004793   0.02805     0.155   0.01826
     7/499     2.89G   0.03062    0.1271   0.01791    0.1756      1243       640   0.06714    0.2208   0.02448  0.005059   0.02815    0.1667   0.01816
     8/499     2.89G   0.02786    0.1415   0.01799    0.1873       942       640   0.08598    0.2767   0.03193  0.006817    0.0246    0.1604   0.01817
     9/499     2.89G   0.02723    0.1436   0.01791    0.1887      1154       640    0.1208    0.3713   0.05967   0.02025   0.02087    0.1754   0.01812
    10/499     2.89G   0.02603    0.1389   0.01785    0.1828      1255       640    0.1224    0.3719   0.06049   0.01725   0.02185    0.1717   0.01811
    11/499     2.89G   0.02959    0.1396    0.0178     0.187      1561       640   0.09636    0.3168   0.04391  0.007934   0.02305    0.2145   0.01815
    12/499     2.89G   0.02716    0.1423   0.01782    0.1873       991       640    0.1019    0.3309   0.05454   0.01609   0.02182    0.1882   0.01804
    13/499     2.89G   0.02708    0.1402   0.01788    0.1852      1135       640   0.07483    0.2464   0.02504  0.004507   0.02251    0.1807   0.01801
    14/499     2.89G   0.02607    0.1523   0.01782    0.1962      1051       640    0.1081    0.3487   0.05955   0.01875   0.02073    0.1965    0.0181
    15/499     2.89G   0.02593    0.1406   0.01786    0.1844      1334       640    0.1172    0.3406   0.05689   0.02045   0.02049    0.2229   0.01798
    16/499     2.89G   0.02647    0.1443   0.01777    0.1886      1265       640   0.06899    0.2234   0.01881  0.002325   0.02275    0.1863     0.018
    17/499     2.89G   0.02519    0.1315   0.01777    0.1744      1068       640    0.1047    0.3542   0.05154  0.007759   0.02327    0.1664   0.01795
    18/499     2.89G   0.02538    0.1388   0.01771    0.1819       907       640    0.1282    0.4306   0.08331   0.02471   0.02122    0.1742    0.0179
    19/499     2.89G   0.02326    0.1312   0.01776    0.1722      1081       640    0.1422    0.4351   0.07542   0.03666   0.01605     0.162   0.01791
    20/499     2.89G   0.02734    0.2222   0.01776    0.2674      1522       640    0.1094    0.3633   0.07759   0.01932   0.02555    0.3504   0.01764
    21/499     2.89G   0.02697    0.2215   0.01789    0.2664       996       640   0.09142    0.2919   0.05101   0.01227   0.02272    0.1828   0.01836
    22/499     2.89G   0.02737    0.1452   0.01808    0.1907       858       640    0.1162     0.367   0.06322   0.01464   0.02345    0.2151   0.01806
    23/499     2.89G   0.02522    0.1501   0.01785    0.1931       972       640    0.1087    0.3217   0.05775   0.01514   0.02146    0.1782   0.01809
    24/499     2.89G   0.02393    0.1331   0.01789    0.1749       867       640    0.1029    0.3689    0.0614   0.01144   0.02324    0.2152   0.01807
    25/499     2.89G   0.02471    0.1369   0.01784    0.1795      1011       640    0.1324     0.449   0.08326   0.02903   0.01876    0.1888   0.01794
    26/499     2.89G   0.02368    0.1283    0.0178    0.1698       774       640    0.1185    0.4589   0.09137   0.03711   0.01831    0.1834   0.01765
    27/499     2.89G   0.02172    0.1295   0.01773    0.1689      1330       640   0.09002    0.3429   0.05057   0.01221   0.02454    0.2511   0.01792
    28/499     2.89G   0.02325    0.1278    0.0177    0.1688      1229       640   0.08115    0.3204   0.04245  0.007598   0.02172    0.1795   0.01792
    29/499     2.89G   0.02239    0.1245   0.01772    0.1646      1096       640    0.1398    0.4459   0.08736   0.03811   0.01689    0.1864   0.01788
    30/499     2.89G    0.0227    0.1349    0.0177    0.1753      1239       640     0.107    0.4448   0.09135   0.03772   0.01709    0.1737   0.01788
    31/499     2.89G   0.02188    0.1303   0.01766    0.1698       862       640    0.1467    0.4793    0.1072   0.05112   0.01637    0.1797   0.01763
    32/499     2.89G    0.0211    0.1298   0.01767    0.1686      1405       640    0.1112    0.4709    0.1031   0.05458   0.01553    0.1638   0.01775
    33/499     2.89G   0.02102    0.1297   0.01769    0.1684      1065       640    0.1509    0.4642    0.1041   0.04545   0.01902    0.1955   0.01742
    34/499     2.89G   0.02133    0.1276   0.01763    0.1665      1006       640    0.2654    0.4715    0.1055   0.04337   0.01698    0.1755   0.01768
    35/499     2.89G   0.02105    0.1236   0.01757    0.1622      1112       640   0.09555    0.1891   0.04207   0.01455   0.03338    0.2864   0.01811
    36/499     2.89G   0.02173    0.1506    0.0176    0.1899       618       640     0.109    0.4329   0.09124   0.05228    0.0152    0.1863   0.01775
    37/499     2.89G   0.01961    0.1349   0.01758    0.1721      1087       640    0.1515     0.451   0.09872   0.04678   0.01914    0.2243   0.01714
    38/499     2.89G   0.02042    0.1287   0.01749    0.1666      1141       640    0.1511    0.4444   0.09524   0.04878   0.01746    0.2158    0.0173
    39/499     2.89G   0.02055    0.1276   0.01757    0.1657      1181       640    0.1487     0.454    0.1021   0.05241   0.01753    0.2079    0.0173
    40/499     2.89G   0.01938    0.1292   0.01754    0.1661      1037       640     0.134    0.4424    0.1054   0.05204   0.01647    0.2085   0.01727
    41/499     2.89G   0.01961    0.1303   0.01756    0.1675       923       640    0.1433    0.4586    0.1033    0.0614   0.01515    0.1887   0.01743
    42/499     2.89G   0.01963    0.1255   0.01753    0.1626      1193       640    0.1085    0.4428    0.1009   0.05302   0.01617    0.1873    0.0176
    43/499     2.89G   0.01906    0.1288   0.01753    0.1654       927       640    0.2632      0.47    0.1034    0.0367   0.01838    0.1826   0.01758
    44/499     2.89G   0.01904    0.1286   0.01747    0.1651      1085       640    0.1218    0.4672    0.1088   0.06332   0.01354    0.1519   0.01775
    45/499     2.89G   0.01889    0.1201   0.01755    0.1565      1098       640    0.1556    0.4748    0.1134   0.07089   0.01694     0.199   0.01687
    46/499     2.89G   0.01875    0.1196   0.01756    0.1559      1331       640    0.1216    0.4889    0.1117   0.06896   0.01346    0.1626   0.01747
    47/499     2.89G   0.01983    0.1178    0.0175    0.1551      1289       640    0.1261    0.4768    0.1022    0.0715    0.0116    0.1438   0.01771
    48/499     2.89G   0.01891    0.1172   0.01744    0.1535      1182       640    0.1311    0.4808    0.1047   0.06311   0.01275    0.1497   0.01773
    49/499     2.89G   0.01807     0.116   0.01743    0.1515      1285       640    0.1247    0.4868    0.1114   0.06924   0.01263     0.149   0.01765
    50/499     2.89G   0.01846    0.1169    0.0175    0.1528      1194       640    0.1488    0.4921    0.1123   0.06431   0.01335    0.1435    0.0177
    51/499     2.89G   0.01846    0.1201   0.01741     0.156      1283       640    0.1241    0.4899    0.1143   0.08038   0.01144    0.1422   0.01767
    52/499     2.89G   0.01635    0.1139    0.0175    0.1477      1022       640    0.1364    0.4987     0.117   0.06559     0.013    0.1383   0.01761
    53/499     2.89G   0.01843    0.1188    0.0174    0.1546      1275       640    0.1581    0.4873    0.1187   0.08693   0.01081    0.1349   0.01771
    54/499     2.89G   0.01738    0.1116   0.01744    0.1465      1107       640    0.1395    0.4808    0.1062   0.04591   0.01592    0.1726   0.01763
    55/499     2.89G   0.01812    0.1169    0.0174    0.1524      1008       640    0.1444     0.502    0.1174   0.08426   0.01174    0.1378   0.01741
    56/499     2.89G   0.01768    0.1118   0.01738    0.1468      1021       640    0.1397    0.4975    0.1168     0.081   0.01177    0.1438   0.01756
    57/499     2.89G   0.01768    0.1087   0.01743    0.1438      1224       640    0.1504    0.4902    0.1177   0.07728   0.01171    0.1367   0.01771
    58/499     2.89G     0.017    0.1126    0.0174     0.147      1005       640    0.1833    0.5277    0.1336   0.09071   0.01119     0.134   0.01759
    59/499     2.89G   0.01803    0.1075   0.01735    0.1429      1162       640    0.1879    0.5222    0.1342   0.08178   0.01194    0.1269    0.0176
    60/499     2.89G   0.01863    0.1104   0.01736    0.1464      1186       640    0.1956    0.5528    0.1448   0.09977   0.01211    0.1288    0.0175
    61/499     2.89G   0.01667     0.111   0.01737     0.145      1553       640    0.1968    0.5435    0.1507    0.1071   0.01045    0.1232   0.01755
    62/499     2.89G   0.01677    0.1082   0.01734    0.1423       926       640    0.1831    0.5319     0.139   0.09334   0.01096    0.1265   0.01756
    63/499     2.89G   0.01777    0.1108   0.01732    0.1459       939       640    0.1884    0.5191     0.129    0.0977  0.009709    0.1159   0.01764
    64/499     2.89G   0.01635    0.1078   0.01729    0.1415       986       640    0.1899    0.5479    0.1513    0.1027   0.01111    0.1348   0.01756
    65/499     2.89G    0.0162    0.1107   0.01732    0.1442      1236       640    0.1911    0.5317    0.1624    0.1146    0.0106    0.1333   0.01753
    66/499     2.89G   0.01601    0.1011   0.01734    0.1345       970       640    0.1769    0.5268    0.1382   0.09357    0.0115     0.131   0.01758
    67/499     2.89G   0.01666    0.1108   0.01732    0.1447      1197       640    0.1989    0.5581    0.1639   0.09947   0.01286    0.1387    0.0174
    68/499     2.89G   0.01693    0.1081   0.01729    0.1424       987       640    0.2119    0.5613    0.1965    0.1388   0.01062    0.1311   0.01723
    69/499     2.89G   0.01502    0.1046   0.01727    0.1369       978       640    0.2079    0.5845     0.172   0.09527   0.01379    0.1265   0.01741
    70/499     2.89G    0.0177    0.1166   0.01718    0.1515      1280       640    0.1968    0.5887    0.1646      0.12  0.009693    0.1233   0.01749
    71/499     2.89G   0.01706    0.1123   0.01719    0.1466      1087       640    0.2095    0.5771    0.1745    0.1145   0.01095    0.1225    0.0174
    72/499     2.89G   0.01596    0.1065   0.01721    0.1397      1212       640    0.2097    0.6211    0.1964    0.1356   0.01098    0.1235   0.01731
    73/499     2.89G   0.01686    0.1105   0.01721    0.1445      1035       640    0.1979    0.5893    0.1711    0.1118    0.0109    0.1172   0.01746
    74/499     2.89G   0.01617    0.1057   0.01719    0.1391      1060       640    0.1965     0.582    0.1618    0.1133  0.009924    0.1132   0.01746
    75/499     2.89G   0.01594    0.1038   0.01708    0.1368      1007       640    0.1982    0.5836    0.1644    0.1086   0.01056    0.1172    0.0174
    76/499     2.89G   0.01592    0.1053   0.01709    0.1383      1096       640    0.1911    0.5772    0.1545    0.1111   0.01014    0.1192   0.01748
    77/499     2.89G   0.01614    0.1088   0.01715    0.1421      1027       640    0.2026    0.5975    0.1846    0.1153   0.01176    0.1372   0.01737
    78/499     2.89G   0.01576    0.1033   0.01703     0.136       729       640    0.2059    0.5994    0.1736    0.1236  0.009754    0.1148   0.01734
    79/499     2.89G   0.01596    0.1006   0.01705    0.1336      1093       640    0.2072    0.6163    0.1961    0.1336   0.01044    0.1228   0.01726
    80/499     2.89G   0.01484    0.1033     0.017    0.1351       787       640    0.2213    0.6296    0.2091    0.1507   0.01008    0.1228   0.01713
    81/499     2.89G   0.01549    0.1006     0.017    0.1331       875       640    0.2093     0.618    0.1952    0.1434  0.009378    0.1134   0.01726
    82/499     2.89G   0.01624    0.1085   0.01688    0.1416      1085       640    0.2077    0.6136    0.1928    0.1329  0.009929    0.1235   0.01723
    83/499     2.89G   0.01538    0.1013   0.01691    0.1336      1686       640     0.215    0.6359    0.2075    0.1371   0.01028    0.1096   0.01714
    84/499     2.89G   0.01532     0.102   0.01685    0.1342      1099       640    0.2017    0.6138     0.189    0.1348   0.01045    0.1087    0.0172
    85/499     2.89G   0.01611    0.1033   0.01676    0.1362      1208       640    0.2119    0.6728    0.2174    0.1288    0.0114    0.1162   0.01705
    86/499     2.89G   0.01533    0.1045   0.01672    0.1365      1332       640    0.1897    0.5885    0.1651    0.1133   0.01005    0.1149   0.01725
    87/499     2.89G   0.01489   0.09972   0.01675    0.1314       923       640    0.2096    0.6574    0.2262    0.1396   0.01066    0.1104   0.01684
    88/499     2.89G   0.01604    0.1001    0.0166    0.1327       995       640    0.2124    0.6374    0.2179     0.157  0.009283    0.1034   0.01694
    89/499     2.89G   0.01537   0.09805   0.01671    0.1301       973       640    0.2202    0.6488    0.2172    0.1438    0.0101     0.104   0.01695
    90/499     2.89G   0.01515   0.09886   0.01667    0.1307       958       640    0.2136    0.6653    0.2326     0.154  0.009968    0.1121   0.01686
    91/499     2.89G    0.0154    0.1013   0.01655    0.1332      1067       640     0.207    0.6496     0.227    0.1447    0.0105    0.1165   0.01674
    92/499     2.89G   0.01632    0.1067   0.01649    0.1395      1249       640    0.2154    0.6761    0.2408    0.1648   0.01005    0.1046   0.01675
    93/499     2.89G   0.01544    0.1035   0.01661    0.1356       898       640    0.2214    0.6378    0.2142    0.1625  0.008763   0.09656   0.01702
    94/499     2.89G   0.01546    0.1037   0.01653    0.1357       925       640    0.2052    0.6478    0.2129    0.1519  0.009793    0.1113   0.01687
    95/499     2.89G   0.01686    0.1041   0.01641    0.1374       740       640    0.2158    0.6779    0.2386    0.1537   0.01051    0.1082    0.0167
    96/499     2.89G   0.01618    0.1044   0.01635     0.137      1091       640    0.2172    0.6918    0.2491    0.1743   0.01009    0.1107   0.01659
    97/499     2.89G   0.01577   0.09692   0.01633     0.129      1628       640    0.2142    0.6781    0.2417    0.1786  0.009045   0.09782   0.01659
    98/499     2.89G   0.01434   0.09834   0.01626    0.1289       863       640    0.2221    0.6679     0.239    0.1611   0.01013   0.09999   0.01665
    99/499     2.89G   0.01475    0.1005   0.01622    0.1315      1020       640    0.2166    0.6787    0.2399     0.167   0.01018    0.1036   0.01654
   100/499     2.89G   0.01585    0.1096   0.01629    0.1418       775       640    0.2285    0.6324     0.228    0.1655   0.01009    0.1165   0.01659
   101/499     2.89G    0.0161    0.1062   0.01634    0.1387      1351       640    0.2216    0.6664    0.2366    0.1746  0.009332    0.1031   0.01664
   102/499     2.89G   0.01452   0.09638   0.01623    0.1271       757       640    0.2253    0.6518    0.2351    0.1806  0.008763   0.09788   0.01671
   103/499     2.89G   0.01481    0.0945   0.01616    0.1255      1375       640    0.3671    0.6955     0.258    0.1948  0.008729   0.09547   0.01634
   104/499     2.89G   0.01442    0.1005   0.01612     0.131      1085       640    0.2306    0.6708    0.2501    0.1889  0.009215   0.09648   0.01657
   105/499     2.89G   0.01376    0.1005   0.01602    0.1303      1014       640    0.2926    0.6831    0.2512    0.1879   0.00894   0.09282   0.01636
   106/499     2.89G   0.01508    0.1006   0.01606    0.1317      1525       640    0.2217    0.6544    0.2421    0.1863  0.008959   0.09597   0.01655
   107/499     2.89G   0.01379   0.09494   0.01607    0.1248       693       640    0.2303     0.662    0.2457    0.1809  0.008876    0.0932   0.01645
   108/499     2.89G   0.01561     0.102     0.016    0.1336      1204       640    0.2251    0.6843    0.2562    0.1696      0.01    0.1041   0.01633
   109/499     2.89G    0.0152   0.09905   0.01598    0.1302      1119       640    0.2188    0.6966    0.2656    0.1862   0.01011    0.1164   0.01607
   110/499     2.89G    0.0143   0.09396   0.01599    0.1243       905       640    0.3825    0.7044    0.2616    0.1889  0.009381   0.09894   0.01617
   111/499     2.89G   0.01541    0.1026   0.01596    0.1339       821       640    0.2246    0.7114    0.2688    0.1866  0.009992    0.1079   0.01599
   112/499     2.89G   0.01547    0.1054   0.01589    0.1368      1055       640    0.2386    0.6849    0.2654    0.1861      0.01    0.1143   0.01627
   113/499     2.89G   0.01502   0.09709   0.01587     0.128      1106       640    0.2281    0.7031    0.2728    0.1814  0.009836    0.1147     0.016
   114/499     2.89G   0.01518    0.0973   0.01585    0.1283      1083       640    0.2254    0.7122    0.2684     0.192  0.009268    0.1067   0.01592
   115/499     2.89G   0.01577    0.0985    0.0159    0.1302      1132       640    0.2329    0.6903    0.2607    0.1933  0.008697    0.1002   0.01624
   116/499     2.89G   0.01553   0.09769   0.01583     0.129       736       640    0.2244      0.72    0.2674    0.2017  0.008919    0.1081   0.01582
   117/499     2.89G   0.01325   0.09625   0.01571    0.1252      1081       640    0.3839    0.7137    0.2694    0.2008   0.00951   0.09613   0.01605
   118/499     2.89G   0.01482   0.09769   0.01569    0.1282      1075       640    0.2403    0.7037    0.2642    0.1975  0.008836   0.09951   0.01613
   119/499     2.89G   0.01402   0.09608   0.01586     0.126       779       640     0.257    0.6696    0.2413    0.1809  0.009843   0.09647    0.0164
   120/499     2.89G   0.01391   0.09466   0.01575    0.1243      1078       640    0.2584    0.6871    0.2455    0.1842  0.008739   0.09069   0.01628
   121/499     2.89G   0.01395   0.09478   0.01568    0.1244      1297       640    0.2597    0.6706    0.2346    0.1734  0.009191   0.09269   0.01639
   122/499     2.89G   0.01554    0.1039   0.01568    0.1351       914       640     0.262    0.6913    0.2563    0.1851  0.008952   0.09451   0.01615
   123/499     2.89G    0.0149   0.09509   0.01577    0.1258      1126       640    0.2728    0.7239    0.2735    0.2101  0.008363   0.08932   0.01596
   124/499     2.89G   0.01454   0.09558   0.01564    0.1258       905       640    0.2629    0.7295    0.2752     0.192  0.009549   0.09206   0.01585
   125/499     2.89G   0.01492   0.09902   0.01567    0.1296      1703       640    0.2773       0.7    0.2581    0.1885  0.008919   0.09124   0.01615
   126/499     2.89G   0.01343   0.09419   0.01554    0.1232       881       640    0.2664    0.6829    0.2475    0.1952  0.009076   0.08929   0.01629
   127/499     2.89G    0.0143   0.09349   0.01555    0.1233       855       640    0.2649    0.7117    0.2638    0.1879  0.009289    0.0931   0.01591
   128/499     2.89G   0.01439   0.09626   0.01559    0.1262       856       640    0.2752    0.7368    0.2813    0.2194  0.008446   0.08684    0.0158
   129/499     2.89G   0.01445   0.09265   0.01561    0.1227      1006       640    0.2808    0.7316    0.2799    0.2014  0.009229   0.08753   0.01603
   130/499     2.89G   0.01358   0.09527   0.01544    0.1243      1357       640    0.2735    0.7147    0.2669    0.2024  0.008982   0.08728   0.01604
   131/499     2.89G   0.01414   0.09349   0.01543    0.1231      1024       640    0.2722    0.7171    0.2619    0.2028   0.00874   0.08851   0.01602
   132/499     2.89G   0.01408   0.09854   0.01551    0.1281       917       640    0.2726    0.7284    0.2719    0.2073  0.008769   0.08528   0.01585
   133/499     2.89G   0.01453   0.09433   0.01558    0.1244       997       640     0.284    0.7249     0.266    0.1982  0.009045   0.09144   0.01608
   134/499     2.89G   0.01636    0.1012   0.01557    0.1332       926       640    0.2773     0.755    0.2883    0.2017   0.00931   0.09651   0.01561
   135/499     2.89G   0.01444   0.09429   0.01555    0.1243      1265       640    0.2778    0.7498    0.2805     0.213  0.009672   0.09071   0.01587
   136/499     2.89G   0.01448    0.1007    0.0155    0.1307       728       640    0.2875    0.7563    0.2853    0.2235  0.008581   0.08884   0.01583
   137/499     2.89G   0.01374   0.09998   0.01549    0.1292      1304       640    0.2755    0.7194    0.2677    0.2039  0.008858   0.09462     0.016
   138/499     2.89G   0.01352   0.08906   0.01543     0.118      1316       640    0.2906    0.7567    0.2883    0.1991   0.00962   0.09709   0.01568
   139/499     2.89G   0.01374   0.09278   0.01544     0.122      1430       640    0.2857    0.7447    0.2848    0.2188  0.008487   0.08921   0.01571
   140/499     2.89G   0.01371   0.09899   0.01539    0.1281      1139       640    0.2856    0.7348    0.2733    0.2071  0.008854   0.09519   0.01595
   141/499     2.89G   0.01422   0.09446   0.01537    0.1241       838       640    0.2857    0.7303     0.275    0.2109  0.008454   0.08686   0.01602
   142/499     2.89G   0.01375   0.09206   0.01535    0.1212      1136       640     0.285    0.7484    0.2769    0.1958  0.009639    0.0936   0.01581
   143/499     2.89G   0.01466    0.0959   0.01529    0.1258      1353       640    0.2824    0.7713    0.3047    0.2314   0.00862   0.08685   0.01546
   144/499     2.89G   0.01329   0.09272   0.01535    0.1214       988       640    0.2798    0.7808    0.3051    0.2396  0.008239   0.08439   0.01547
   145/499     2.89G   0.01339   0.08812   0.01539    0.1169      1455       640    0.2914    0.7838    0.3118    0.2351  0.008894   0.08537   0.01536
   146/499     2.89G   0.01362   0.09308   0.01527     0.122      1485       640    0.2908    0.7783    0.3153    0.2456  0.008643   0.08769   0.01537
   147/499     2.89G   0.01425   0.09582   0.01527    0.1253       980       640    0.2952    0.7706    0.3035    0.2243  0.008583   0.09174    0.0155
   148/499     2.89G    0.0138   0.09279   0.01521    0.1218      1076       640    0.2875    0.7721    0.3027     0.233  0.008733   0.09024   0.01552
   149/499     2.89G   0.01443   0.09558   0.01528    0.1253       912       640    0.2864     0.759    0.2977    0.2284  0.008561   0.08499   0.01562
   150/499     2.89G   0.01379   0.09056   0.01524    0.1196      1068       640    0.2933    0.7833    0.3103    0.2429  0.008286   0.07987   0.01549
   151/499     2.89G    0.0135   0.09171   0.01516    0.1204       703       640    0.2975    0.7771     0.318    0.2448  0.008959   0.08401   0.01534
   152/499     2.89G   0.01436   0.09222   0.01525    0.1218      1237       640      0.29    0.7714    0.2986    0.2339  0.008839   0.08865   0.01543
   153/499     2.89G   0.01399    0.0915   0.01516    0.1206      1286       640     0.297    0.7983     0.335    0.2499  0.008927   0.08786   0.01524
   154/499     2.89G   0.01489   0.09351    0.0151    0.1235      1052       640     0.304    0.7707    0.3393    0.2546  0.009145   0.09574   0.01511
   155/499     2.89G   0.01392   0.09134   0.01508    0.1203      1716       640    0.3206    0.7779    0.3431    0.2578  0.008605   0.08299   0.01507
   156/499     2.89G   0.01382   0.09542   0.01509    0.1243      1294       640    0.3085    0.7767    0.3104    0.2489  0.008132   0.07916   0.01558
   157/499     2.89G   0.01222   0.08882   0.01516    0.1162      1370       640    0.3169    0.7886    0.3435    0.2729  0.007994   0.07804   0.01516
   158/499     2.89G   0.01276   0.09321   0.01499     0.121       863       640    0.3063    0.7813    0.3268    0.2411  0.008961   0.08611    0.0153
   159/499     2.89G   0.01387   0.08953    0.0151    0.1185      1214       640    0.3221      0.74    0.3341    0.2664  0.008305   0.07906   0.01531
   160/499     2.89G   0.01378   0.09252   0.01505    0.1213       953       640    0.3223    0.7929    0.3683     0.293  0.008066   0.07923     0.015
   161/499     2.89G   0.01356   0.09371   0.01504    0.1223       958       640    0.3045    0.8159    0.3696    0.2848  0.008418    0.0834   0.01499
   162/499     2.89G   0.01377   0.09148   0.01509    0.1203      1271       640    0.3158    0.7781    0.3362    0.2627  0.008279   0.08125   0.01537
   163/499     2.89G   0.01469   0.09358   0.01504    0.1233      1280       640    0.3144    0.7379    0.3022    0.2245  0.009147   0.08384   0.01569
   164/499     2.89G   0.01317   0.08881   0.01493    0.1169       712       640    0.3296    0.7406    0.3294    0.2539  0.008373   0.07777   0.01536
   165/499     2.89G   0.01504   0.09315   0.01497    0.1232      1456       640    0.3119    0.7485    0.3133    0.2153   0.00945   0.09525   0.01542
   166/499     2.89G   0.01493   0.09577   0.01507    0.1258      1465       640     0.322    0.7707    0.3684    0.2801  0.008383   0.08323   0.01502
   167/499     2.89G   0.01282   0.08738   0.01499    0.1152       929       640    0.3275    0.7728    0.3617     0.283  0.008239   0.08061   0.01514
   168/499     2.89G   0.01329   0.08787   0.01489     0.116      1323       640    0.3371    0.7712     0.376    0.2927  0.008477   0.08205   0.01492
   169/499     2.89G   0.01353    0.0907   0.01491    0.1191      1111       640    0.3355    0.7719    0.3462    0.2776  0.008569   0.08304   0.01512
   170/499     2.89G   0.01348   0.09486   0.01484    0.1232       710       640     0.325    0.7967     0.373    0.2896  0.008417   0.08503   0.01487
   171/499     2.89G   0.01314   0.08879   0.01487    0.1168       937       640    0.3342    0.8003    0.3795    0.3025  0.007863   0.07713   0.01487
   172/499     2.89G   0.01316   0.08847   0.01483    0.1165      1124       640    0.3493    0.7754    0.3846     0.296  0.008313   0.07855   0.01481
   173/499     2.89G   0.01389   0.08838   0.01485    0.1171       720       640    0.3495    0.7947    0.3896    0.3073  0.008103   0.07827   0.01479
   174/499     2.89G   0.01416   0.08949   0.01487    0.1185      1131       640    0.3498    0.7609    0.3583    0.2622  0.009194   0.08243   0.01509
   175/499     2.89G   0.01376   0.09135   0.01484    0.1199      1075       640    0.3442    0.7519    0.3601    0.2892  0.008293   0.08001   0.01511
   176/499     2.89G   0.01367   0.09087   0.01478    0.1193       870       640    0.3394    0.7804    0.3745    0.2849  0.008496   0.07804   0.01501
   177/499     2.89G   0.01409   0.09162   0.01486    0.1206      1055       640    0.3488    0.7427     0.385    0.3039  0.008104    0.0745   0.01495
   178/499     2.89G   0.01348   0.09036   0.01483    0.1187      1573       640    0.3553    0.7478    0.3931    0.2933  0.009557   0.08203   0.01482
   179/499     2.89G   0.01328   0.08523   0.01468    0.1132      1205       640    0.3492    0.7582    0.3921    0.3087  0.008238   0.07514    0.0148
   180/499     2.89G   0.01304   0.08458    0.0147    0.1123      1028       640    0.3421    0.7898    0.3964    0.3179  0.008082   0.07623   0.01475
   181/499     2.89G   0.01269   0.08721   0.01465    0.1145      1192       640     0.355     0.721    0.3759    0.3013  0.008017   0.07466   0.01497
   182/499     2.89G   0.01303   0.08819   0.01465    0.1159      1177       640    0.3315    0.7791    0.3841    0.2911  0.008479   0.07845   0.01483
   183/499     2.89G   0.01286   0.08677   0.01462    0.1142      1213       640    0.3319    0.7721    0.3658    0.2844   0.00827   0.07899   0.01504
   184/499     2.89G   0.01363   0.09078   0.01464    0.1191      1770       640    0.3562    0.7823    0.3965    0.3113  0.008429   0.07719   0.01465
   185/499     2.89G   0.01325    0.0993   0.01459    0.1271       968       640    0.3594    0.7855    0.4015       0.3  0.008532   0.08969   0.01461
   186/499     2.89G   0.01369    0.0934    0.0147    0.1218       964       640    0.3419    0.8003    0.4064    0.3111  0.008482   0.08215   0.01467
   187/499     2.89G    0.0131   0.08626   0.01471    0.1141       957       640    0.3594    0.7976    0.4245     0.338  0.007882   0.08072   0.01445
   188/499     2.89G   0.01292    0.0869   0.01462    0.1144      1593       640    0.3506    0.7926    0.4113    0.3203  0.008332   0.08554   0.01447
   189/499     2.89G   0.01231   0.08619   0.01453     0.113      1116       640    0.3714    0.7652    0.4057    0.3202  0.008131   0.08318   0.01462
   190/499     2.89G   0.01266   0.08632   0.01459    0.1136      1127       640    0.3571    0.7777    0.3922     0.313  0.007889   0.08381   0.01474
   191/499     2.89G   0.01218   0.08748   0.01451    0.1142       990       640    0.3533    0.7709     0.381    0.3084  0.007819   0.08208   0.01485
   192/499     2.89G    0.0126   0.09026    0.0145    0.1174      1025       640    0.3446     0.754    0.3677    0.2899  0.008243   0.07798   0.01506
   193/499     2.89G    0.0135   0.08755   0.01458    0.1156      1387       640    0.3439    0.7686    0.3876    0.3114  0.007844   0.07475   0.01472
   194/499     2.89G   0.01237   0.08898   0.01455    0.1159      1103       640    0.3403    0.7512    0.3667    0.2966  0.007811   0.07358   0.01506
   195/499     2.89G   0.01313   0.08935   0.01459    0.1171       677       640    0.3422    0.7539    0.3854    0.3072  0.007872   0.07159   0.01476
   196/499     2.89G   0.01347   0.09133   0.01451    0.1193       826       640    0.3408    0.7522    0.3843    0.2928  0.008337   0.07871   0.01468
   197/499     2.89G   0.01274   0.09435   0.01443    0.1215       904       640    0.3423     0.766     0.392    0.3106   0.00789     0.076   0.01465
   198/499     2.89G   0.01277     0.088   0.01443    0.1152      1240       640     0.357    0.7951    0.4167    0.3248  0.008142   0.08577   0.01436
   199/499     2.89G   0.01263   0.09036   0.01435    0.1173       716       640    0.3643    0.7382    0.4057    0.3267  0.007733   0.07656   0.01452
   200/499     2.89G   0.01354   0.09522   0.01447    0.1232      1032       640    0.3545    0.7736    0.4111    0.3314  0.007752   0.07976   0.01438
   201/499     2.89G   0.01291   0.09026   0.01436    0.1175      1092       640    0.3616    0.7955    0.4143    0.3321  0.007684   0.09135   0.01428
   202/499     2.89G   0.01282   0.08804   0.01439    0.1153      1047       640    0.3681    0.7531    0.4084    0.3294  0.007831   0.08758   0.01435
   203/499     2.89G   0.01261   0.08704   0.01441    0.1141      1117       640    0.3639    0.7684    0.4191    0.3273  0.008225   0.08933   0.01415
   204/499     2.89G   0.01415   0.09166   0.01449    0.1203      1208       640    0.3775    0.7575    0.4175    0.3375  0.007684   0.07408   0.01426
   205/499     2.89G   0.01369   0.08556   0.01438    0.1136      1037       640    0.3652    0.7968    0.4206    0.3192  0.008895   0.08005   0.01423
   206/499     2.89G   0.01254   0.08852   0.01423    0.1153      1157       640    0.3673    0.7839     0.411    0.3316  0.007935   0.07353   0.01436
   207/499     2.89G   0.01289   0.08996   0.01422    0.1171       734       640    0.3592    0.7759    0.4113    0.3137  0.008488   0.07959   0.01432
   208/499     2.89G   0.01324   0.08437   0.01434     0.112      1042       640    0.3462    0.7836    0.3999    0.3265  0.007562   0.07469   0.01441
   209/499     2.89G    0.0124    0.0851   0.01423    0.1117      1049       640    0.3553    0.8003      0.42    0.3375  0.007881   0.07494   0.01414
   210/499     2.89G   0.01231   0.08651   0.01422     0.113      1074       640    0.3633     0.763    0.4085    0.3289  0.007859   0.07653   0.01423
   211/499     2.89G   0.01261   0.08582   0.01412    0.1125      1063       640    0.3602    0.7899    0.4121    0.3139  0.008822   0.08026   0.01425
   212/499     2.89G   0.01298   0.08942   0.01413    0.1165       994       640    0.3441    0.8041    0.4195    0.3301  0.008022   0.07664   0.01405
   213/499     2.89G   0.01396   0.08995   0.01427    0.1182      1444       640    0.3601    0.7333    0.3932    0.3108  0.008466    0.0829   0.01458
   214/499     2.89G   0.01275   0.09245   0.01427    0.1195       771       640    0.3449      0.78    0.3952     0.318  0.007844   0.08025   0.01456
   215/499     2.89G   0.01254   0.08478   0.01419    0.1115       975       640    0.3338    0.8117    0.4027     0.322  0.007778   0.07616   0.01432
   216/499     2.89G   0.01267   0.08402   0.01414    0.1108       813       640     0.333    0.8164    0.4096    0.3265  0.007823   0.07718   0.01426
   217/499     2.89G   0.01221   0.08266   0.01397    0.1088      1242       640    0.3298    0.7968     0.395    0.3092  0.007952   0.08038   0.01449
   218/499     2.89G   0.01194   0.08668   0.01406    0.1127       940       640    0.3347    0.7924    0.3874    0.3107  0.007966    0.0739   0.01459
   219/499     2.89G   0.01272   0.08782   0.01409    0.1146      1437       640    0.3412    0.7805    0.4008    0.3263  0.007729   0.07289   0.01441
   220/499     2.89G   0.01336   0.09122   0.01411    0.1187       754       640    0.3498    0.7842    0.4119    0.3287  0.007923   0.07358   0.01428
   221/499     2.89G    0.0125   0.08886   0.01416    0.1155       858       640    0.3425    0.8202    0.4254    0.3459  0.007593   0.07172   0.01391
   222/499     2.89G   0.01245   0.08522   0.01401    0.1117      1658       640    0.3428    0.7899    0.4035    0.3206  0.008171   0.07422   0.01437
   223/499     2.89G   0.01296   0.08827   0.01405    0.1153      1073       640    0.3356    0.7812    0.3995    0.3183  0.007909   0.07222   0.01449
   224/499     2.89G   0.01187   0.08245     0.014    0.1083       821       640     0.341    0.7793    0.3931    0.3171  0.007765   0.07198   0.01457
   225/499     2.89G   0.01205   0.08794   0.01392    0.1139       941       640    0.3525    0.8125     0.419    0.3383  0.007775   0.07523   0.01389
   226/499     2.89G   0.01214   0.08501   0.01393    0.1111      1131       640    0.3396    0.8377    0.4132     0.332  0.007729   0.07467   0.01402
   227/499     2.89G   0.01268   0.09026   0.01396    0.1169       872       640    0.3507    0.7861    0.4231    0.3368  0.007843   0.07129   0.01398
   228/499     2.89G   0.01236   0.08627   0.01397    0.1126      1407       640    0.3517    0.8178    0.4273    0.3454  0.007512      0.07   0.01377
   229/499     2.89G   0.01198   0.08317   0.01392    0.1091      1148       640    0.3518    0.8479    0.4365    0.3414  0.007966   0.07409   0.01371
   230/499     2.89G   0.01286   0.08909   0.01403     0.116      1113       640    0.3562    0.8069    0.4149    0.3374  0.007711   0.07687   0.01398
   231/499     2.89G   0.01122   0.08212   0.01372    0.1071      1129       640    0.3607    0.7927    0.4328    0.3501  0.007615   0.07196   0.01372
   232/499     2.89G   0.01242   0.08164   0.01368    0.1077      1011       640     0.353    0.8253     0.436    0.3288  0.008689   0.07866   0.01367
   233/499     2.89G   0.01244   0.08714   0.01369    0.1133       938       640    0.3528    0.8115    0.4179    0.3438  0.007581   0.07128    0.0139
   234/499     2.89G   0.01114   0.07953   0.01376    0.1044      1079       640     0.346    0.8128    0.4185    0.3391  0.007926   0.07291   0.01391
   235/499     2.89G   0.01282   0.08272   0.01376    0.1093      1625       640     0.357    0.8019    0.4283    0.3452  0.007839   0.07267   0.01379
   236/499     2.89G   0.01231   0.08215   0.01372    0.1082      1118       640    0.3712     0.819    0.4364    0.3456  0.008402   0.07688   0.01373
   237/499     2.89G   0.01114   0.07939   0.01359    0.1041       794       640    0.3676    0.8105    0.4292    0.3451  0.008155   0.07401   0.01376
   238/499     2.89G   0.01244   0.08757   0.01367    0.1137      1640       640     0.349    0.8168    0.4309    0.3429  0.007911   0.07184   0.01367
   239/499     2.89G   0.01276   0.08523   0.01379    0.1118       841       640    0.3527    0.8442    0.4326    0.3539   0.00751   0.06929   0.01366
   240/499     2.89G   0.01191   0.08083   0.01364    0.1064      1266       640    0.3559    0.8242    0.4384    0.3507  0.007776   0.07203   0.01381
   241/499     2.89G   0.01322   0.09699   0.01376     0.124      1191       640    0.3582     0.825     0.436    0.3374  0.008568   0.09034   0.01333
   242/499     2.89G   0.01177   0.08452   0.01365    0.1099       906       640    0.3608    0.8077    0.4383    0.3482  0.008456   0.07908   0.01344
   243/499     2.89G   0.01167   0.08204   0.01369    0.1074       682       640    0.3661    0.8166    0.4403      0.35  0.007827   0.07579   0.01352
   244/499     2.89G   0.01285   0.08983   0.01365    0.1163      1547       640    0.3697    0.8549    0.4472    0.3663  0.007547   0.07924   0.01345
   245/499     2.89G   0.01236   0.08682   0.01375    0.1129       862       640    0.3761    0.7913    0.4422    0.3614  0.007474   0.07995    0.0136
   246/499     2.89G   0.01221   0.08387   0.01373    0.1098      1149       640    0.3569    0.8424    0.4401    0.3547  0.007638   0.07854   0.01355
   247/499     2.89G   0.01179   0.08204   0.01362    0.1074      1077       640    0.3746    0.7691    0.4416    0.3608  0.007684   0.07607   0.01361
   248/499     2.89G   0.01178   0.08177   0.01361    0.1072      1041       640    0.3577    0.7755    0.4317    0.3489  0.007621   0.07722   0.01372
   249/499     2.89G   0.01233    0.0897   0.01365    0.1157      1189       640    0.3536    0.7868     0.428    0.3467  0.007546   0.07412   0.01373
   250/499     2.89G   0.01222   0.08349   0.01361    0.1093      1032       640    0.3449    0.7997    0.4136    0.3312  0.008009   0.07873   0.01401
   251/499     2.89G   0.01246    0.0818   0.01363    0.1079      1060       640    0.3506    0.8251    0.4357    0.3515  0.007712   0.07477   0.01353
   252/499     2.89G   0.01244   0.08571   0.01368    0.1118       945       640    0.3407    0.8212     0.415    0.3331  0.007851    0.0745   0.01402
   253/499     2.89G   0.01137   0.08285   0.01357    0.1078      1092       640    0.3601    0.8068    0.4268    0.3451  0.007635   0.07184   0.01368
   254/499     2.89G   0.01167   0.07724   0.01361    0.1025       868       640    0.3636    0.8103    0.4463    0.3567  0.007644   0.07183    0.0133
   255/499     2.89G   0.01195   0.08431   0.01344    0.1097       995       640    0.3728    0.8029    0.4552    0.3632   0.00767   0.07209   0.01328
   256/499     2.89G   0.01332   0.08891   0.01359    0.1158      1779       640    0.3509    0.8447    0.4405    0.3612  0.007662    0.0711   0.01345
   257/499     2.89G   0.01263   0.08725   0.01343    0.1133       919       640    0.3567    0.8281    0.4441    0.3599  0.007381   0.07347   0.01323
   258/499     2.89G   0.01216   0.08455   0.01341    0.1101      1042       640    0.3563    0.8039    0.4425    0.3638  0.007341   0.06892   0.01334
   259/499     2.89G   0.01179    0.0839   0.01352    0.1092       973       640    0.3575     0.776     0.429    0.3494  0.007592   0.07011   0.01384
   260/499     2.89G   0.01192    0.0827   0.01342     0.108      1488       640    0.3445    0.8085     0.441    0.3509   0.00785    0.0709   0.01355
   261/499     2.89G   0.01187   0.07825   0.01342    0.1035       989       640     0.351      0.81    0.4564    0.3728  0.007496   0.06894    0.0133
   262/499     2.89G   0.01254   0.08283   0.01347    0.1088      1213       640    0.3612    0.8485    0.4594    0.3622  0.007894   0.07195   0.01329
   263/499     2.89G   0.01224   0.08678   0.01332    0.1123      1341       640    0.3763    0.7452    0.4338      0.35  0.007551   0.07513   0.01371
   264/499     2.89G   0.01118   0.08364    0.0133    0.1081       862       640    0.3627    0.8174    0.4526    0.3644  0.007706   0.07444    0.0133
   265/499     2.89G   0.01203   0.07988    0.0135    0.1054      1156       640    0.3773    0.7853    0.4714    0.3844  0.007457   0.07046   0.01308
   266/499     2.89G   0.01174   0.08334   0.01341    0.1085      1228       640    0.3712    0.8485    0.4602    0.3748  0.007532   0.07047    0.0133
   267/499     2.89G   0.01117   0.08331   0.01337    0.1078      1214       640    0.3712    0.7979    0.4541    0.3714  0.007456   0.06963   0.01337
   268/499     2.89G   0.01239   0.08157   0.01326    0.1072      1120       640    0.3712    0.8097    0.4525    0.3704  0.007558   0.07204   0.01342
   269/499     2.89G   0.01243   0.08623   0.01346    0.1121      1298       640    0.3357    0.8384    0.4519    0.3683  0.007624   0.07371   0.01351
   270/499     2.89G     0.012   0.08205   0.01332    0.1074       987       640    0.3527    0.8564    0.4526    0.3639  0.007726   0.07051   0.01334
   271/499     2.89G   0.01224   0.08122   0.01342    0.1069       728       640    0.3605    0.8147    0.4405    0.3575  0.007403   0.06973    0.0136
   272/499     2.89G   0.01184   0.07988    0.0133     0.105       917       640    0.3593    0.8191    0.4388    0.3583  0.007585    0.0715   0.01395
   273/499     2.89G   0.01158   0.08253   0.01319    0.1073      1145       640    0.3677    0.8538    0.4609    0.3773  0.007386   0.06808   0.01318
   274/499     2.89G    0.0128   0.08639   0.01332    0.1125      1248       640    0.3588    0.8493     0.471    0.3838  0.007359   0.06947   0.01303
   275/499     2.89G   0.01184   0.08264   0.01321    0.1077      1343       640    0.3615    0.8507    0.4665    0.3813  0.007475   0.07743   0.01292
   276/499     2.89G   0.01169   0.08272   0.01324    0.1077       911       640    0.3676    0.8286    0.4597    0.3763  0.007431   0.08163   0.01295
   277/499     2.89G   0.01128   0.08375    0.0131    0.1081      1254       640    0.3665    0.8276    0.4627    0.3757  0.007794   0.07044   0.01322
   278/499     2.89G   0.01207   0.08425   0.01329    0.1096      1144       640    0.3767    0.8138    0.4525    0.3638  0.007628   0.07069   0.01338
   279/499     2.89G   0.01154    0.0798   0.01318    0.1045       895       640    0.3607    0.8402    0.4436    0.3578  0.007563   0.07202   0.01342
   280/499     2.89G   0.01213   0.08105    0.0131    0.1063      1320       640    0.3616    0.8452    0.4655    0.3758   0.00746    0.0689   0.01312
   281/499     2.89G   0.01177   0.08624   0.01316    0.1112       865       640    0.3693    0.8211    0.4744    0.3882   0.00749   0.07062   0.01302
   282/499     2.89G   0.01081   0.07771    0.0132    0.1017      1371       640    0.3637    0.8076    0.4705     0.387  0.007269   0.06651   0.01318
   283/499     2.89G   0.01159   0.08208   0.01308    0.1067      1146       640    0.3577     0.817    0.4655    0.3819  0.007505   0.06888   0.01328
   284/499     2.89G    0.0116     0.081   0.01305    0.1057       896       640    0.3522    0.8714    0.4696    0.3764  0.007807   0.07112   0.01305
   285/499     2.89G   0.01256   0.08374   0.01313    0.1094      1150       640     0.362    0.8589    0.4776    0.3946  0.007259   0.06681   0.01282
   286/499     2.89G   0.01197   0.07964   0.01314    0.1047      1345       640    0.3779    0.8239    0.4918    0.4051  0.007239   0.06705    0.0128
   287/499     2.89G   0.01241   0.08235   0.01326     0.108       852       640    0.3876     0.798    0.4968    0.4095  0.007243   0.06935    0.0129
   288/499     2.89G   0.01162   0.08002   0.01304    0.1047       698       640    0.3772    0.8574    0.4731    0.3836  0.007551    0.0735   0.01296
   289/499     2.89G   0.01152   0.08188    0.0131    0.1065      1273       640    0.3619    0.8587    0.4746    0.3915  0.007343   0.06874   0.01304
   290/499     2.89G   0.01129   0.08179   0.01321    0.1063      1446       640    0.3527    0.8171    0.4597    0.3721  0.007597   0.06962   0.01343
   291/499     2.89G   0.01171   0.07921    0.0132    0.1041      1070       640     0.354    0.8253     0.456     0.368  0.007569    0.0683   0.01355
   292/499     2.89G   0.01161   0.07918   0.01299    0.1038      1295       640    0.3706    0.7608    0.4698    0.3852  0.007308   0.06661    0.0133
   293/499     2.89G   0.01133    0.0818   0.01295    0.1061      1037       640    0.3537    0.8711    0.4832    0.3955  0.007306   0.06636   0.01289
   294/499     2.89G    0.0114   0.07934    0.0129    0.1036      1090       640    0.3524    0.8385    0.4914    0.4048  0.007678   0.06883   0.01299
   295/499     2.89G   0.01137   0.07937   0.01295    0.1037      1360       640    0.3625    0.8237    0.4953    0.4143  0.007156    0.0665   0.01305
   296/499     2.89G   0.01152   0.07815   0.01286    0.1025       837       640    0.3626    0.8652    0.4828    0.4024  0.007132   0.06773   0.01303
   297/499     2.89G   0.01186   0.07869   0.01299    0.1035       976       640    0.3675    0.8571    0.4841    0.3983  0.007219   0.06909   0.01283
   298/499     2.89G   0.01153   0.07973   0.01303    0.1043       956       640    0.3574    0.8337    0.4774    0.3944  0.007273    0.0675     0.013
   299/499     2.89G   0.01111   0.08089     0.013     0.105       632       640    0.3621    0.8182    0.4702    0.3866  0.007486   0.06781   0.01318
   300/499     2.89G   0.01169   0.08082   0.01294    0.1054       629       640    0.3534    0.8504    0.4664    0.3825  0.007324   0.06668   0.01317
   301/499     2.89G   0.01076   0.07546   0.01285   0.09907      1097       640    0.3587    0.8143    0.4773    0.3925  0.007531   0.06724    0.0132
   302/499     2.89G   0.01193   0.07923   0.01292    0.1041      1152       640    0.3573    0.8437    0.4801    0.3961  0.007378   0.06546   0.01311
   303/499     2.89G   0.01157   0.07671   0.01296    0.1012       868       640     0.355     0.833    0.4795    0.3939  0.007392   0.06555   0.01313
   304/499     2.89G   0.01146     0.079   0.01287    0.1033      1310       640    0.3815    0.7708    0.4856    0.3937  0.007448   0.06659   0.01287
   305/499     2.89G   0.01093   0.07656   0.01278    0.1003       849       640    0.3934    0.8068    0.5023    0.4128  0.007433   0.06837   0.01262
   306/499     2.89G   0.01114   0.07806   0.01274    0.1019      1235       640    0.3982    0.7961    0.5187    0.4297  0.007242   0.06734   0.01264
   307/499     2.89G   0.01087   0.07422   0.01279   0.09788       893       640     0.374    0.8235    0.5093    0.4234  0.007199    0.0677    0.0128
   308/499     2.89G   0.01106   0.07753    0.0127    0.1013      1314       640    0.3795    0.7977    0.5036    0.4165  0.007329    0.0682   0.01285
   309/499     2.89G   0.01135   0.08209    0.0128    0.1062      1342       640    0.3765    0.8096    0.5041    0.4176  0.007257   0.06656   0.01277
   310/499     2.89G   0.01095   0.07836   0.01277    0.1021       853       640    0.3747    0.7759     0.486    0.4047  0.007226   0.06496   0.01326
   311/499     2.89G    0.0113   0.07599   0.01266   0.09994      1012       640    0.3608    0.8073     0.477    0.3871   0.00755   0.06608   0.01331
   312/499     2.89G   0.01112   0.07899   0.01277    0.1029      1224       640    0.3662    0.8576    0.4929     0.408  0.007182    0.0648   0.01276
   313/499     2.89G   0.01175   0.08006    0.0129    0.1047      1178       640    0.3692    0.8522     0.487    0.4027  0.007279   0.06688   0.01295
   314/499     2.89G   0.01272    0.0816   0.01279    0.1071       998       640    0.3604    0.8477    0.5025    0.4166  0.007363    0.0674   0.01271
   315/499     2.89G   0.01218   0.07728   0.01278    0.1022      1687       640    0.3642    0.8539    0.5077    0.4222  0.007158   0.06498   0.01255
   316/499     2.89G   0.01181   0.07936   0.01288    0.1041      1121       640    0.3693    0.8529    0.5051     0.422   0.00717   0.06402   0.01278
   317/499     2.89G   0.01134   0.07463   0.01281   0.09877      1077       640     0.366    0.8396    0.4938    0.4081  0.007385   0.06563   0.01295
   318/499     2.89G   0.01145   0.07988   0.01268     0.104       784       640    0.3593    0.8118    0.4897    0.4046  0.007408   0.06557   0.01316
   319/499     2.89G   0.01103   0.07801   0.01267    0.1017      1206       640    0.3707    0.8495    0.4978    0.4071  0.007427   0.06582   0.01282
   320/499     2.89G   0.01189   0.07756   0.01272    0.1022      1288       640    0.3783    0.8476    0.5043    0.4052  0.007733   0.06817   0.01277
   321/499     2.89G   0.01194   0.08145   0.01277    0.1062      1463       640    0.3926    0.7761    0.5118     0.425   0.00723   0.06444    0.0129
   322/499     2.89G   0.01058   0.07764   0.01249    0.1007      1065       640     0.402    0.7654    0.5099    0.4223  0.007294   0.06853   0.01285
   323/499     2.89G   0.01012   0.07806   0.01244    0.1006       860       640    0.4008    0.8093     0.529     0.434  0.007445   0.08191   0.01252
   324/499     2.89G   0.01118   0.08001   0.01252    0.1037      1325       640    0.3988    0.7865     0.539    0.4395  0.007546   0.08176   0.01251
   325/499     2.89G   0.01148   0.07975   0.01261    0.1038       740       640    0.4002    0.7864    0.5473    0.4497  0.007368   0.08328   0.01263
   326/499     2.89G   0.01246   0.08406   0.01261    0.1091       731       640    0.3656    0.8864    0.5437    0.4507  0.007338   0.07233   0.01243
   327/499     2.89G   0.01094   0.08021   0.01247    0.1036       832       640    0.3612    0.8795    0.5331    0.4415  0.007416   0.06864   0.01255
   328/499     2.89G   0.01136   0.08004   0.01275    0.1041      1247       640    0.3614    0.8303    0.5221    0.4269  0.007368   0.06708   0.01286
   329/499     2.89G   0.01148   0.07527   0.01261   0.09936       868       640    0.3802    0.8311    0.5406    0.4345  0.007802   0.07039   0.01272
   330/499     2.89G   0.01123   0.08241    0.0126    0.1062      1096       640    0.3794    0.8503    0.5471    0.4537    0.0073   0.06696   0.01255
   331/499     2.89G   0.01083   0.07418    0.0124   0.09742       923       640    0.3773    0.8356    0.5398    0.4485  0.007449    0.0676   0.01253
   332/499     2.89G   0.01129    0.0776   0.01264    0.1015      1155       640    0.3779    0.7964     0.515     0.423  0.007328   0.06728   0.01287
   333/499     2.89G   0.01142   0.07965    0.0124    0.1035       623       640    0.3779    0.8229    0.5213    0.4283  0.007494    0.0697    0.0128
   334/499     2.89G   0.01187   0.08001   0.01252    0.1044      1372       640     0.366    0.8385    0.5213    0.4287  0.007281   0.06847   0.01259
   335/499     2.89G   0.01092   0.07961   0.01245     0.103       778       640    0.3603    0.8363    0.5181    0.4227  0.007478   0.06831   0.01274
   336/499     2.89G   0.01201   0.08285   0.01272    0.1076      1159       640     0.367    0.7791    0.4963    0.4156  0.007159   0.06541   0.01308
   337/499     2.89G   0.01179   0.07918   0.01261    0.1036      1139       640    0.3704    0.7968    0.5016    0.4202  0.007205    0.0654   0.01309
   338/499     2.89G   0.01219   0.08086   0.01265    0.1057      1400       640    0.3902     0.775     0.525      0.44  0.007142    0.0647   0.01292
   339/499     2.89G   0.01137    0.0774    0.0125    0.1013      1240       640    0.3814    0.7917    0.5201    0.4272   0.00741   0.06544   0.01273
   340/499     2.89G   0.01095   0.07442    0.0124   0.09776      1359       640    0.3791    0.7931    0.5195    0.4316  0.007215   0.06379   0.01266
   341/499     2.89G   0.01109   0.07808   0.01246    0.1016      1131       640    0.3878     0.778    0.5387    0.4469  0.007249   0.06519   0.01249
   342/499     2.89G   0.01173   0.07837   0.01248    0.1026      1008       640    0.3911      0.78    0.5424    0.4463  0.007362   0.06583   0.01248
   343/499     2.89G   0.01132   0.07699   0.01236    0.1007      1105       640    0.4036    0.7531    0.5465    0.4569  0.007114   0.06336   0.01255
   344/499     2.89G   0.01122   0.08063   0.01243    0.1043      1265       640    0.4234    0.7293    0.5542    0.4592   0.00721   0.06627   0.01262
   345/499     2.89G   0.01155   0.08129   0.01232    0.1052       735       640    0.4067    0.7732    0.5399     0.452  0.007148   0.06733   0.01275
   346/499     2.89G   0.01122   0.08223   0.01228    0.1057      1080       640    0.3773    0.8262    0.5423    0.4499  0.007254   0.06606   0.01255
   347/499     2.89G   0.01054   0.07618   0.01226   0.09898      1002       640    0.3674    0.8253    0.5509    0.4501   0.00749   0.06759   0.01237
   348/499     2.89G   0.01194   0.07935    0.0124    0.1037      1293       640    0.3893    0.8164    0.5598    0.4678  0.007231   0.06482   0.01243
   349/499     2.89G   0.01078   0.07335   0.01227    0.0964      1181       640    0.3717    0.7956    0.5328    0.4435  0.007252   0.06617   0.01273
   350/499     2.89G   0.01089   0.07553   0.01237   0.09879       942       640    0.3434    0.8577     0.517    0.4272  0.007209   0.06567   0.01302
   351/499     2.89G   0.01085   0.07566   0.01227   0.09878       800       640    0.3764    0.8081    0.5404    0.4522  0.007125    0.0636   0.01272
   352/499     2.89G   0.01114   0.07828   0.01238    0.1018      1365       640    0.3853    0.8025    0.5532    0.4626  0.007077   0.06312   0.01256
   353/499     2.89G   0.01126   0.07863   0.01236    0.1022       828       640    0.3718    0.8267    0.5511    0.4641  0.007013   0.06239   0.01246
   354/499     2.89G   0.01186   0.07786   0.01234    0.1021      1686       640    0.3748     0.785    0.5431    0.4532  0.007149   0.06463   0.01263
   355/499     2.89G    0.0112   0.07744   0.01228    0.1009      1201       640    0.3993    0.7644    0.5483    0.4556  0.007219   0.06487   0.01258
   356/499     2.89G    0.0107   0.07547   0.01212   0.09828      1204       640    0.3818    0.7841    0.5264    0.4343  0.007288    0.0655   0.01278
   357/499     2.89G   0.01162   0.07859   0.01228    0.1025      1178       640    0.3722    0.7945    0.5316    0.4443  0.007189   0.06522   0.01263
   358/499     2.89G   0.01022   0.07666   0.01201   0.09889      1300       640    0.3764     0.774    0.5307    0.4349  0.007419    0.0672   0.01273
   359/499     2.89G   0.01103   0.07827   0.01209    0.1014      1097       640    0.3878    0.7925    0.5589    0.4666  0.007138   0.06335   0.01231
   360/499     2.89G   0.01111   0.07691   0.01216    0.1002       866       640    0.3769    0.8266    0.5657    0.4709  0.007143   0.06387   0.01219
   361/499     2.89G   0.01132   0.07971   0.01216    0.1032      1169       640    0.3962    0.7979    0.5661    0.4764  0.007033   0.06417   0.01228
   362/499     2.89G   0.01131   0.07541   0.01224   0.09896      1522       640     0.407    0.7715    0.5567    0.4655  0.007043   0.06396    0.0125
   363/499     2.89G   0.01079   0.07518   0.01211   0.09808      1218       640    0.4296    0.7304    0.5599    0.4644  0.007171   0.06504   0.01243
   364/499     2.89G   0.01078   0.07517   0.01222   0.09818      1137       640    0.4271    0.7786    0.5817    0.4906   0.00703   0.06308     0.012
   365/499     2.89G   0.01105   0.07825   0.01207    0.1014       987       640    0.4256    0.7862    0.5851    0.4891  0.007148   0.06486   0.01198
   366/499     2.89G   0.01082   0.07456   0.01186   0.09724       872       640    0.4329    0.7566    0.5812     0.481  0.007173   0.06339   0.01197
   367/499     2.89G   0.01152     0.075   0.01212   0.09865      1092       640    0.4177    0.7911    0.5878    0.4898  0.007104   0.06394   0.01184
   368/499     2.89G   0.01128   0.07373   0.01199     0.097      1118       640    0.4421    0.7389    0.5808    0.4848  0.007151   0.06587    0.0121
   369/499     2.89G   0.01109   0.07872   0.01195    0.1018      1286       640    0.4554    0.7106    0.5768    0.4849  0.007118   0.06801   0.01223
   370/499     2.89G   0.01189    0.0739   0.01196   0.09776       900       640    0.4298    0.7705    0.5923    0.4986  0.007098   0.06659   0.01192
   371/499     2.89G   0.01036   0.07397   0.01174   0.09607       584       640      0.44    0.7333    0.5849    0.4927  0.007053   0.06769   0.01192
   372/499     2.89G   0.01118   0.07864   0.01201    0.1018       802       640    0.4322    0.7611    0.5888    0.4938  0.007036   0.06571   0.01176
   373/499     2.89G    0.0107   0.07577   0.01194   0.09841       833       640    0.4582    0.7456    0.5864    0.4932  0.007049   0.06344   0.01187
   374/499     2.89G   0.01097   0.07364   0.01177   0.09638       986       640    0.4557    0.7249    0.5819    0.4884  0.007059   0.06336     0.012
   375/499     2.89G   0.01058   0.07472   0.01168   0.09699      1048       640    0.4424    0.7416    0.5826    0.4884  0.007085   0.06357   0.01203
   376/499     2.89G   0.01064   0.07658   0.01174   0.09896       990       640    0.4174    0.7655    0.5783    0.4825  0.007039   0.06313   0.01206
   377/499     2.89G   0.01099    0.0782   0.01191    0.1011       989       640    0.4519    0.7426     0.589     0.497  0.006942    0.0619   0.01186
   378/499     2.89G   0.01066   0.07235   0.01166   0.09467      1262       640     0.461    0.7679    0.5926    0.4997  0.006942   0.06439   0.01182
   379/499     2.89G   0.01036   0.07425   0.01175   0.09636      1222       640    0.4928    0.7318    0.5898    0.4963  0.007028   0.06561   0.01184
   380/499     2.89G   0.01106   0.07755   0.01173    0.1003      1013       640    0.4706    0.7771     0.603    0.4998  0.007225   0.06694    0.0116
   381/499     2.89G   0.01099   0.07679   0.01188   0.09966       928       640    0.4877    0.7481     0.605    0.5073  0.007075   0.06458   0.01152
   382/499     2.89G   0.01062   0.07227   0.01168   0.09457      1319       640    0.4889     0.737    0.6029    0.5051  0.007037   0.06361   0.01157
   383/499     2.89G    0.0105    0.0727   0.01152   0.09472       932       640    0.4474    0.7792    0.6009    0.5086  0.006956   0.06196   0.01153
   384/499     2.89G   0.01153   0.07549   0.01192   0.09893      1667       640    0.4464    0.7812    0.5949     0.496  0.007093   0.06188   0.01164
   385/499     2.89G   0.01115   0.07938   0.01185    0.1024       772       640    0.4314    0.8031     0.598     0.502   0.00705   0.06173   0.01159
   386/499     2.89G   0.01071   0.07664   0.01156   0.09891      1226       640    0.4511    0.7858    0.6055    0.5078  0.007056   0.06357   0.01141
   387/499     2.89G   0.01057   0.07305   0.01145   0.09507      1008       640    0.4478    0.7965    0.6055    0.5069  0.007085   0.06363   0.01151
   388/499     2.89G   0.01056   0.07361   0.01151   0.09569       950       640    0.4758    0.7359    0.5816    0.4895  0.007101   0.06482   0.01188
   389/499     2.89G   0.01119   0.07732   0.01166    0.1002       979       640    0.4551    0.7733    0.5887    0.4923  0.007089   0.06504   0.01177
   390/499     2.89G     0.011   0.07644   0.01156     0.099      1124       640    0.4817    0.7435    0.5994    0.5048   0.00705   0.06497   0.01156
   391/499     2.89G   0.01048   0.07924   0.01162    0.1013       939       640    0.4914    0.7458    0.6059    0.5107  0.006974   0.06566   0.01143
   392/499     2.89G   0.01063   0.07562   0.01139   0.09764      1372       640    0.4749    0.7888    0.6214     0.525  0.007168   0.06881   0.01118
   393/499     2.89G   0.01089   0.07584   0.01148   0.09821      1047       640    0.4689    0.8033    0.6195    0.5215  0.007084   0.06622   0.01124
   394/499     2.89G   0.01052   0.07744   0.01149   0.09945       589       640    0.5362    0.7157    0.6126    0.5166  0.007026   0.06704    0.0113
   395/499     2.89G   0.01078   0.07602   0.01146   0.09825       996       640    0.4666    0.7911    0.6049    0.5035   0.00711   0.06718   0.01138
   396/499     2.89G   0.01095   0.07465   0.01151   0.09711       863       640    0.4829    0.7834    0.6159    0.5205  0.006949    0.0627    0.0113
   397/499     2.89G   0.01101   0.07724   0.01155   0.09979      1166       640    0.4947    0.7803    0.6164    0.5182  0.006978   0.06311    0.0113
   398/499     2.89G   0.01097   0.07753   0.01164    0.1001       883       640    0.4952    0.7687    0.6048    0.5108  0.006942    0.0642   0.01144
   399/499     2.89G   0.01145   0.07508    0.0115   0.09803      1076       640    0.5115    0.7466    0.6059    0.5112  0.007024   0.06497   0.01143
   400/499     2.89G   0.01104   0.07447   0.01153   0.09705      1213       640    0.5193    0.7757    0.6237    0.5282  0.006985   0.06402   0.01109
   401/499     2.89G   0.01012    0.0748   0.01126   0.09618       795       640    0.5067    0.7909    0.6139    0.5187   0.00699   0.06491   0.01114
   402/499     2.89G    0.0109   0.07563   0.01164   0.09817      1051       640    0.4896    0.7754    0.5973    0.5047  0.007003   0.06412   0.01144
   403/499     2.89G   0.01052   0.07204   0.01143   0.09399      1038       640    0.4828    0.7722    0.5932    0.5003  0.007027   0.06342    0.0116
   404/499     2.89G   0.01109   0.07503   0.01145   0.09756       717       640    0.4967    0.7332    0.5818    0.4895  0.007047   0.06408   0.01186
   405/499     2.89G   0.01093   0.07367    0.0115   0.09609       780       640    0.4956    0.7386    0.5908    0.4979  0.007023   0.06355   0.01162
   406/499     2.89G   0.01063   0.07362   0.01136    0.0956      1488       640    0.4928    0.7515    0.5936    0.4988  0.007027   0.06981    0.0115
   407/499     2.89G   0.01117   0.07662   0.01152   0.09931      1053       640    0.4975    0.7561    0.6015    0.5064  0.007076   0.07344   0.01132
   408/499     2.89G   0.01053   0.07638   0.01137   0.09828      1428       640    0.4914    0.7811    0.6142    0.5186  0.007081   0.06917   0.01115
   409/499     2.89G   0.01072   0.07197   0.01124   0.09392      1395       640    0.4893    0.7874    0.6133    0.5122  0.007278   0.06641   0.01109
   410/499     2.89G   0.01129   0.07696   0.01141   0.09966      1373       640    0.4836    0.7853    0.6064    0.5123  0.006997   0.06509   0.01127
   411/499     2.89G   0.01095   0.07528   0.01139   0.09762      1351       640    0.4917    0.7782    0.6139     0.519  0.007003   0.06497   0.01121
   412/499     2.89G   0.01112   0.07324   0.01138   0.09574      1198       640     0.495    0.7808     0.615    0.5174  0.006998   0.06334   0.01123
   413/499     2.89G   0.01079   0.07592   0.01139    0.0981       860       640     0.495    0.8106      0.61    0.5173  0.006968   0.06286   0.01128
   414/499     2.89G   0.01061   0.07677    0.0112   0.09858      1281       640    0.5013     0.815    0.6182    0.5239  0.006944   0.06307   0.01095
   415/499     2.89G   0.01099   0.07718   0.01132    0.0995       757       640    0.5042    0.8207    0.6329     0.534  0.007046   0.06973   0.01074
   416/499     2.89G   0.01071   0.07464   0.01137   0.09672       866       640    0.5032    0.7943    0.6215    0.5216  0.007063   0.06474     0.011
   417/499     2.89G   0.01136   0.07717   0.01144   0.09997      1402       640    0.4856    0.8196    0.6121    0.5173  0.007039   0.06245   0.01118
   418/499     2.89G   0.01092   0.07865   0.01136    0.1009       801       640    0.4938    0.7747    0.5929    0.4943  0.007221   0.06535   0.01143
   419/499     2.89G   0.01047   0.07264   0.01124   0.09435      1373       640     0.501    0.7483    0.5961    0.5009  0.007058   0.06409   0.01141
   420/499     2.89G   0.01064   0.07398    0.0111   0.09573       712       640     0.489    0.7915    0.6134    0.5164  0.007065   0.06807    0.0112
   421/499     2.89G   0.01076   0.07432   0.01135   0.09643      1391       640     0.493    0.7687     0.599    0.5061  0.007011   0.06678   0.01145
   422/499     2.89G    0.0108   0.07428   0.01121   0.09629      1010       640    0.5052     0.777    0.6015    0.5114  0.006985   0.06575   0.01138
   423/499     2.89G   0.01091   0.07637   0.01122   0.09851       819       640    0.4987    0.7733    0.5983    0.5081  0.006935   0.06389    0.0114
   424/499     2.89G   0.01099    0.0763   0.01129   0.09857       996       640    0.5144     0.764    0.6067     0.515  0.006984   0.06369   0.01114
   425/499     2.89G  0.009816   0.07259   0.01104   0.09346      1135       640    0.5235    0.7592    0.6184    0.5221  0.007006   0.06287   0.01097
   426/499     2.89G   0.01072   0.07461   0.01122   0.09655      1430       640    0.5081    0.7774    0.6192    0.5217  0.006952   0.06263   0.01103
   427/499     2.89G   0.01075   0.07562   0.01124    0.0976      1190       640     0.504    0.7715    0.6179    0.5183  0.006939   0.06367   0.01117
   428/499     2.89G   0.01034    0.0712   0.01112   0.09266      1130       640    0.5028     0.785    0.6216    0.5282  0.006833   0.06629   0.01097
   429/499     2.89G   0.01091   0.07713   0.01111   0.09914       929       640    0.5304    0.7517    0.6233    0.5304  0.006813   0.06507   0.01085
   430/499     2.89G   0.01069   0.07512   0.01115   0.09696      1022       640     0.534    0.7368    0.6206    0.5278  0.006847   0.06376   0.01088
   431/499     2.89G   0.01117   0.07436   0.01125   0.09678      1080       640    0.5398    0.7328    0.6211    0.5272  0.006848   0.06341   0.01084
   432/499     2.89G  0.009907   0.07455   0.01086   0.09532      1361       640    0.5096    0.7717    0.6143    0.5221  0.006918   0.06334   0.01101
   433/499     2.89G   0.01096   0.07418   0.01113   0.09627       986       640    0.5027    0.7864    0.6115    0.5124  0.007072   0.06393   0.01109
   434/499     2.89G   0.01116   0.07664   0.01124   0.09904      1063       640    0.5193    0.7599    0.6056    0.5118  0.006948   0.06291   0.01123
   435/499     2.89G   0.01074   0.07661   0.01107   0.09843      1060       640    0.5039    0.8151    0.6156    0.5222  0.006885   0.06265     0.011
   436/499     2.89G   0.01105   0.07759    0.0113   0.09993       888       640    0.5024    0.7846     0.613    0.5159  0.007062    0.0641   0.01119
   437/499     2.89G   0.01158   0.07511   0.01118   0.09786       961       640    0.5039    0.8073     0.619    0.5222  0.007001   0.06224   0.01106
   438/499     2.89G   0.01087   0.08037   0.01106    0.1023      1185       640    0.5189    0.7781    0.5987    0.5054  0.006902   0.06265   0.01127
   439/499     2.89G   0.01159   0.08067   0.01121    0.1035      1200       640    0.5059    0.8126    0.6062    0.5121  0.006855   0.06424   0.01115
   440/499     2.89G   0.01038   0.07361   0.01096   0.09495      1076       640    0.5227       0.8    0.6243    0.5298  0.006922   0.06645   0.01086
   441/499     2.89G   0.01013   0.07242   0.01087   0.09342      1223       640    0.5053    0.8251    0.6331    0.5352  0.006905   0.06615   0.01076
   442/499     2.89G   0.01088   0.07338   0.01109   0.09535      1247       640    0.5159    0.8126    0.6429    0.5436  0.006834   0.06366   0.01051
   443/499     2.89G    0.0107    0.0723   0.01109   0.09409       799       640    0.5254    0.7913    0.6382    0.5405  0.006886   0.06394   0.01052
   444/499     2.89G   0.01095    0.0771    0.0112   0.09924      1057       640    0.5148    0.8127    0.6254    0.5285  0.006932   0.06395   0.01076
   445/499     2.89G   0.01035   0.07269   0.01096   0.09399       670       640    0.5173    0.8252    0.6181    0.5232  0.006868   0.06361   0.01086
   446/499     2.89G   0.01076   0.07364   0.01094   0.09534      1323       640    0.5395    0.7375    0.6116    0.5128  0.006938   0.06264   0.01115
   447/499     2.89G   0.01112    0.0746   0.01105   0.09677      1020       640     0.522    0.7649    0.6062    0.5127  0.006911   0.06115   0.01132
   448/499     2.89G   0.01152   0.07857   0.01146    0.1015      1216       640     0.532    0.7738    0.6211    0.5262  0.006835   0.05984   0.01093
   449/499     2.89G   0.01067   0.07644   0.01088   0.09799       935       640    0.5205    0.8057    0.6266    0.5283  0.006944   0.06095   0.01077
   450/499     2.89G   0.01086   0.07425   0.01099   0.09611       880       640    0.5322    0.7463     0.613    0.5194  0.006865   0.06304   0.01113
   451/499     2.89G   0.01075   0.07576    0.0109   0.09741      1181       640    0.5001    0.7954    0.6076    0.5142  0.006927   0.06325   0.01136
   452/499     2.89G   0.01087   0.07599   0.01112   0.09798      1008       640    0.5115    0.7786    0.6133    0.5159   0.00714   0.06448   0.01123
   453/499     2.89G   0.01061   0.07392   0.01085   0.09538      1147       640    0.5011     0.816    0.6126    0.5147  0.006978   0.06345   0.01116
   454/499     2.89G   0.01115   0.07569   0.01109   0.09793      1284       640    0.5301    0.7847    0.6265    0.5306  0.006888   0.06314   0.01072
   455/499     2.89G   0.01054   0.07293   0.01073    0.0942      1126       640    0.5208    0.8151    0.6283    0.5304  0.006894   0.06328   0.01067
   456/499     2.89G   0.01096   0.07618   0.01104   0.09819      1333       640     0.515    0.8139    0.6222    0.5249  0.006879   0.06253   0.01079
   457/499     2.89G   0.01129   0.07147    0.0112   0.09396      1333       640     0.513    0.8029    0.6172    0.5183  0.006934   0.06192   0.01097
   458/499     2.89G   0.01071    0.0758   0.01099    0.0975      1069       640    0.5321    0.7719    0.6216    0.5245  0.006867   0.06099   0.01091
   459/499     2.89G   0.01064    0.0756   0.01101   0.09725       865       640    0.5263    0.7807    0.6177    0.5235  0.006816   0.06157   0.01094
   460/499     2.89G   0.01086   0.07293   0.01093   0.09472      1045       640    0.5214    0.8044    0.6304    0.5355  0.006797   0.06148   0.01073
   461/499     2.89G   0.01051   0.06985   0.01086   0.09123      1307       640    0.5253    0.7882    0.6327    0.5375  0.006818    0.0618    0.0107
   462/499     2.89G   0.01031   0.07111   0.01082   0.09225       778       640    0.5095    0.8423    0.6372     0.539  0.006903   0.06171   0.01055
   463/499     2.89G   0.01056   0.07582   0.01088   0.09726      1050       640    0.5403    0.7989     0.636     0.539  0.006876   0.05999   0.01049
   464/499     2.89G   0.01072   0.07332   0.01109   0.09514      1272       640    0.5433    0.7818    0.6288     0.532  0.006818   0.05925   0.01062
   465/499     2.89G  0.009978   0.07099    0.0106   0.09156      1133       640    0.5253    0.7955    0.6332    0.5375  0.006811   0.05918   0.01075
   466/499     2.89G   0.01009   0.07395   0.01072   0.09476       896       640    0.5327    0.7777    0.6362    0.5401  0.006817   0.06014    0.0106
   467/499     2.89G   0.01129   0.07828   0.01096    0.1005      1159       640    0.5454    0.7747     0.642    0.5453  0.006794   0.05978   0.01038
   468/499     2.89G   0.01111   0.07609   0.01096   0.09817      1189       640    0.5407    0.7807    0.6435    0.5458  0.006835   0.06077   0.01029
   469/499     2.89G   0.01132   0.07688   0.01101   0.09921      1080       640    0.5368    0.7681    0.6406    0.5438  0.006903   0.06192   0.01054
   470/499     2.89G   0.01102   0.07421   0.01093   0.09615       749       640    0.5386     0.753    0.6292    0.5317  0.006849    0.0608   0.01081
   471/499     2.89G   0.01068    0.0758   0.01092    0.0974      1146       640    0.5204    0.7882    0.6234    0.5257  0.006885   0.06049   0.01084
   472/499     2.89G   0.01065   0.07638   0.01094   0.09797       963       640    0.5278    0.7961    0.6313    0.5296  0.006946    0.0613   0.01069
   473/499     2.89G   0.01071   0.07489   0.01092   0.09651       846       640    0.5575    0.7362    0.6257    0.5277  0.006854   0.06157   0.01081
   474/499     2.89G   0.01006    0.0716    0.0107   0.09236       745       640     0.534    0.7868    0.6317    0.5268  0.007023   0.06286   0.01072
   475/499     2.89G   0.01097    0.0755   0.01086   0.09734      1284       640    0.5282    0.8058    0.6438    0.5455  0.006849   0.06154   0.01048
   476/499     2.89G   0.01035   0.07255    0.0108   0.09371      1037       640    0.5317    0.7943    0.6434    0.5459  0.006798   0.06105   0.01051
   477/499     2.89G   0.01091   0.07382   0.01086   0.09559       873       640    0.5422    0.7841    0.6427    0.5435  0.006908   0.06258   0.01058
   478/499     2.89G   0.01134    0.0768   0.01099   0.09913       943       640    0.5526    0.7694    0.6337    0.5248  0.007263   0.06728   0.01081
   479/499     2.89G   0.01099   0.07579   0.01087   0.09765      1137       640    0.5448    0.7787    0.6306    0.5294  0.007024   0.06645   0.01072
   480/499     2.89G  0.009968     0.073   0.01071   0.09367      1044       640    0.5457    0.7794    0.6264    0.5307  0.006838   0.06249   0.01068
   481/499     2.89G   0.01075    0.0725   0.01075     0.094      1234       640    0.5449     0.767    0.6337    0.5368  0.006872    0.0628   0.01059
   482/499     2.89G   0.01109   0.07426   0.01087   0.09622      1110       640    0.5571    0.7538    0.6394    0.5352  0.006982   0.06399   0.01053
   483/499     2.89G  0.009744   0.06936   0.01056   0.08966       949       640    0.5392    0.8003    0.6428    0.5365  0.007083   0.06466   0.01043
   484/499     2.89G   0.01081    0.0742    0.0108   0.09582      1136       640    0.5433     0.776    0.6408    0.5422  0.006889   0.06204   0.01053
   485/499     2.89G   0.01046   0.07147   0.01068    0.0926      1002       640    0.5431    0.7519    0.6333    0.5371  0.006808   0.06104   0.01073
   486/499     2.89G   0.01058   0.07152   0.01066   0.09276      1069       640    0.5345    0.7808    0.6405    0.5436  0.006875   0.06134   0.01064
   487/499     2.89G   0.01102   0.07111   0.01087     0.093      1009       640     0.541    0.7966    0.6508    0.5517  0.006828    0.0629   0.01046
   488/499     2.89G   0.01097   0.07442   0.01066   0.09605      1109       640    0.5608    0.7814    0.6597    0.5604  0.006792   0.06279    0.0103
   489/499     2.89G   0.01067   0.07359   0.01068   0.09494      1160       640    0.5682    0.7674    0.6591    0.5567  0.006861   0.06187   0.01028
   490/499     2.89G     0.011   0.07505   0.01072   0.09676      1026       640    0.5395    0.8025    0.6565    0.5538  0.006843   0.06136   0.01035
   491/499     2.89G   0.01065    0.0714   0.01074   0.09279      1031       640    0.5336    0.8053    0.6476    0.5481  0.006882     0.061   0.01046
   492/499     2.89G   0.01015   0.07223   0.01045   0.09283      1009       640     0.541    0.8026     0.651    0.5436  0.007136   0.06254   0.01031
   493/499     2.89G   0.01026   0.07424   0.01075   0.09525      1286       640    0.5456    0.8015    0.6544    0.5527  0.006903   0.06101   0.01034
   494/499     2.89G   0.01086    0.0789   0.01086    0.1006      1212       640    0.5499    0.7922    0.6531    0.5532  0.006874   0.06043   0.01044
   495/499     2.89G   0.01085   0.07528    0.0108   0.09693      1260       640    0.5374    0.8025    0.6552    0.5503  0.007026   0.06155   0.01039
   496/499     2.89G   0.01064   0.07255   0.01093   0.09412      1042       640    0.5452    0.7688    0.6423    0.5396  0.006975   0.06137   0.01062
   497/499     2.89G   0.01103   0.07344   0.01086   0.09532      1067       640    0.5225    0.7699    0.6147     0.516  0.006991   0.06208   0.01107
   498/499     2.89G   0.01036   0.07325   0.01066   0.09426      1097       640     0.544      0.76    0.6224    0.5241  0.006936   0.06144   0.01081
   499/499     2.89G   0.01055   0.07266    0.0107   0.09391      1384       640    0.5545    0.7709    0.6489    0.5523   0.00678   0.06038   0.01039
