     0/499     1.83G   0.04701   0.09597   0.01964    0.1626      1049       640         0         0         0         0   0.04686   0.09075   0.01963
     1/499     1.64G   0.04671   0.08039   0.01946    0.1465      1020       640  0.001448  0.005888 5.141e-05 7.697e-06    0.0462   0.07775   0.01965
     2/499     1.64G   0.04599   0.07508   0.01924    0.1403      1339       640  0.008755   0.01917 0.0008069 0.0001431   0.04484   0.08291   0.01976
     3/499     1.64G    0.0439   0.08113   0.01904    0.1441      1195       640   0.03075   0.07006  0.005408 0.0009266    0.0418    0.1023   0.01974
     4/499     1.64G   0.04048   0.09182   0.01874     0.151      1382       640   0.04593    0.1947   0.01912  0.004002   0.03577    0.1235   0.01912
     5/499     1.65G   0.03631    0.1111   0.01851    0.1659      1383       640   0.08071    0.2961   0.04526   0.01082   0.02986     0.147   0.01856
     6/499     1.65G   0.03245    0.1222   0.01819    0.1728      1108       640   0.06355    0.2118   0.02234  0.004321   0.02835    0.1561   0.01823
     7/499     1.65G   0.03012    0.1276   0.01797    0.1756      1238       640    0.0754    0.2555   0.03372  0.006953   0.02709    0.1703   0.01813
     8/499     1.65G    0.0284    0.1427     0.018    0.1891       963       640    0.1045    0.3058   0.04819   0.01071   0.02463    0.1643   0.01812
     9/499     1.65G   0.02782    0.1425   0.01794    0.1882      1174       640   0.09577    0.2834   0.03627  0.008222   0.02287    0.1759   0.01808
    10/499     1.65G    0.0262    0.1393   0.01787    0.1834      1290       640    0.1271    0.3825   0.06503   0.01814   0.02036    0.1758   0.01808
    11/499     1.65G   0.02859    0.1493   0.01787    0.1957      1577       640   0.06383    0.2008   0.02447  0.004359   0.02376     0.196   0.01822
    12/499     1.65G   0.02634    0.1391    0.0179    0.1833      1098       640    0.1373     0.431   0.08805   0.02553   0.02089    0.2118   0.01775
    13/499     1.65G   0.02639    0.1334   0.01788    0.1777      1135       640    0.1293    0.4217   0.08066   0.03568   0.01788    0.1748   0.01801
    14/499     1.65G   0.02526    0.1332   0.01781    0.1762      1023       640     0.121    0.4162   0.07296   0.01399   0.02293    0.1736    0.0179
    15/499     1.65G   0.02641    0.1574   0.01783    0.2016      1313       640    0.0247   0.08623  0.004108 0.0005027   0.03017    0.1474   0.01805
    16/499     1.65G   0.02818    0.1349   0.01783    0.1809      1293       640   0.02005   0.07328  0.007992  0.001072   0.03021    0.1532   0.01801
    17/499     1.65G    0.0263    0.1338   0.01779    0.1779      1106       640    0.1192    0.3572   0.06385   0.01325   0.02369     0.166   0.01791
    18/499     1.65G   0.02529    0.1317   0.01774    0.1747       906       640   0.06245    0.1654   0.01667  0.003399   0.02708    0.1624   0.01791
    19/499     1.65G   0.02517    0.1319   0.01778    0.1749       993       640     0.058    0.1792    0.0202    0.0086   0.02373    0.1945   0.01789
    20/499     1.65G   0.02737    0.1332   0.01771    0.1783      1416       640    0.1544    0.4649    0.1114   0.04064    0.0193    0.1855   0.01777
    21/499     1.65G   0.02547    0.1313   0.01767    0.1745       974       640      0.15    0.4127    0.0901   0.01943   0.02103    0.2131   0.01783
    22/499     1.65G   0.02518    0.1223   0.01771    0.1652       849       640    0.0503    0.1612    0.0126  0.001408   0.02689    0.1766    0.0178
    23/499     1.65G   0.02505    0.1282   0.01763    0.1709       982       640    0.1265    0.4392   0.09002   0.04773   0.02078     0.168   0.01783
    24/499     1.65G   0.02397    0.1381    0.0177    0.1797       900       640    0.1631    0.4303   0.09838   0.02615   0.02408    0.1618   0.01774
    25/499     1.65G   0.02487    0.1335   0.01766     0.176      1028       640    0.1321     0.452   0.09892   0.04142   0.01935    0.1675   0.01781
    26/499     1.65G   0.02405    0.1398   0.01765    0.1816       789       640    0.0957    0.3648   0.06761   0.01536   0.02017    0.2063   0.01781
    27/499     1.65G   0.02333    0.1425   0.01762    0.1835      1318       640    0.2487    0.4175   0.09517   0.03349   0.01759    0.1713   0.01778
    28/499     1.65G   0.02325    0.1262   0.01763    0.1671      1208       640    0.1286    0.4741    0.1104   0.03792   0.01742    0.1964   0.01776
    29/499     1.65G   0.02426    0.1311   0.01765     0.173      1069       640    0.1095    0.4118   0.09315   0.02206   0.02086     0.171   0.01766
    30/499     1.65G   0.02431    0.1325   0.01759    0.1744      1201       640    0.1192     0.438    0.0923   0.03513   0.01819     0.182    0.0176
    31/499     1.65G   0.02299    0.1256   0.01763    0.1662       873       640    0.1232    0.4114    0.1011   0.03728   0.01858    0.1823   0.01754
    32/499     1.65G   0.02352    0.1369   0.01757     0.178      1421       640    0.2718    0.4218    0.1055   0.02745   0.02128    0.1606    0.0177
    33/499     1.65G   0.02318    0.1401   0.01761    0.1809      1180       640    0.1193    0.4279    0.1056   0.04975   0.01843    0.2027   0.01727
    34/499     1.65G   0.02162    0.1287   0.01756    0.1678       997       640     0.116    0.4213   0.09218   0.02789   0.01856    0.1828    0.0177
    35/499     1.65G   0.02135    0.1215   0.01756    0.1604      1062       640    0.1229    0.4759    0.1158   0.04696   0.01659    0.1829   0.01746
    36/499     1.65G   0.02354    0.1525   0.01762    0.1936       645       640    0.1138    0.4428    0.1085   0.05799   0.01755    0.1947   0.01732
    37/499     1.65G   0.02016    0.1355   0.01762    0.1733      1069       640     0.118    0.4744    0.1146   0.04945   0.01795    0.2012   0.01726
    38/499     1.65G   0.02066     0.122   0.01753    0.1602      1126       640    0.1282    0.4827    0.1161   0.04881   0.01644    0.1751   0.01746
    39/499     1.65G   0.02331    0.1535   0.01756    0.1943      1239       640    0.1034    0.3804   0.08957   0.01933   0.02414    0.2696   0.01703
    40/499     1.65G   0.02348    0.1823   0.01753    0.2233      1046       640    0.1301    0.3945   0.08244   0.03145   0.02093    0.2189   0.01749
    41/499     1.65G   0.02156    0.1459   0.01758     0.185       908       640   0.09085    0.3342   0.07396   0.01294   0.02577    0.2289    0.0173
    42/499     1.65G   0.02125    0.1306   0.01755    0.1694      1218       640    0.1147    0.4197   0.09827   0.04011   0.02002    0.2009   0.01729
    43/499     1.65G   0.02027     0.129   0.01757    0.1669       937       640     0.117    0.4209   0.08912   0.01668   0.02244    0.2065    0.0176
    44/499     1.65G   0.01994    0.1277   0.01753    0.1652      1065       640    0.1269    0.4748    0.1079   0.06043   0.01495     0.164   0.01759
    45/499     1.65G   0.01933    0.1226   0.01758    0.1595      1098       640    0.1474    0.4964     0.116   0.06338   0.01412    0.1586   0.01763
    46/499     1.65G   0.01926    0.1202   0.01756     0.157      1349       640    0.1395    0.4959    0.1258   0.05793   0.01593    0.1632   0.01744
    47/499     1.65G   0.02076    0.1188    0.0175    0.1571      1261       640    0.1412    0.5086    0.1342   0.08192   0.01353    0.1587   0.01743
    48/499     1.65G   0.02024    0.1203   0.01743     0.158      1156       640    0.1386    0.5039    0.1223   0.06921   0.01417    0.1699   0.01743
    49/499     1.65G   0.01827    0.1176   0.01742    0.1533      1245       640    0.1378    0.4998     0.124   0.06105   0.01574     0.172   0.01732
    50/499     1.65G   0.01682    0.1092   0.01747    0.1435      1279       640    0.1562    0.5256    0.1373   0.09091   0.01232    0.1418   0.01744
    51/499     1.65G   0.01813    0.1182   0.01741    0.1538      1336       640    0.1353    0.4993    0.1217   0.06853   0.01416    0.1535   0.01733
    52/499     1.65G   0.01755    0.1135   0.01749    0.1485      1014       640    0.1573     0.516     0.137   0.09121     0.013    0.1506   0.01747
    53/499     1.65G   0.01879    0.1165    0.0174    0.1527      1280       640    0.1383    0.5005     0.123   0.07787   0.01299    0.1537   0.01735
    54/499     1.65G   0.01828    0.1125   0.01739    0.1482      1151       640    0.1499    0.5202    0.1408   0.07613   0.01322    0.1369   0.01747
    55/499     1.65G   0.01791    0.1128   0.01737    0.1481       976       640    0.1421    0.5152    0.1379   0.09058   0.01241    0.1434   0.01718
    56/499     1.65G   0.01856    0.1125    0.0173    0.1484      1004       640    0.1651     0.547    0.1473   0.09823    0.0115    0.1388   0.01739
    57/499     1.65G   0.01901    0.1111   0.01736    0.1475      1236       640    0.1717    0.5214    0.1468   0.08239   0.01262    0.1361   0.01735
    58/499     1.65G   0.01811    0.1154   0.01735    0.1508       984       640    0.1835    0.5521    0.1569   0.09974   0.01162    0.1302   0.01743
    59/499     1.65G   0.01806    0.1081   0.01728    0.1434      1209       640    0.1951    0.5499    0.1554   0.09463   0.01205    0.1247   0.01745
    60/499     1.65G    0.0187    0.1094   0.01727    0.1454      1246       640    0.2164    0.5666    0.1855   0.09979   0.01251     0.127   0.01735
    61/499     1.65G   0.01725    0.1108   0.01722    0.1453      1567       640    0.1914    0.5651    0.1616    0.1087   0.01044    0.1225   0.01747
    62/499     1.65G   0.01676    0.1074   0.01716    0.1414      1004       640    0.2231    0.5749    0.2059    0.1337   0.01106    0.1283   0.01715
    63/499     1.65G   0.01806    0.1114   0.01711    0.1466       935       640    0.2244    0.5856    0.2101    0.1369   0.01075    0.1256   0.01706
    64/499     1.65G   0.01613    0.1064   0.01713    0.1397      1010       640    0.1923    0.5349    0.1776    0.1074   0.01237    0.1356   0.01706
    65/499     1.65G   0.01699    0.1138    0.0171    0.1479      1272       640    0.2185    0.6079    0.2083     0.133   0.01104    0.1204   0.01701
    66/499     1.65G   0.01618    0.1019   0.01711    0.1352      1027       640    0.1906    0.5905    0.1803    0.1156    0.0115    0.1313   0.01705
    67/499     1.65G    0.0164    0.1092   0.01706    0.1426      1275       640    0.2302    0.5694    0.2163    0.1473   0.01041    0.1219   0.01687
    68/499     1.65G   0.01719    0.1083   0.01699    0.1425       958       640    0.2309    0.6175    0.2178    0.1365   0.01127    0.1177     0.017
    69/499     1.65G   0.01618    0.1069   0.01703    0.1401       977       640    0.2306    0.5857    0.2124    0.1352    0.0111    0.1237   0.01701
    70/499     1.65G   0.01654    0.1085   0.01696     0.142      1293       640    0.2184    0.6382    0.2058    0.1453  0.009821    0.1098   0.01711
    71/499     1.65G   0.01633    0.1069   0.01685    0.1401      1088       640    0.2278    0.6402    0.2192    0.1322   0.01078    0.1133   0.01692
    72/499     1.65G   0.01668    0.1094   0.01678    0.1428      1192       640    0.2356    0.6737      0.24    0.1475   0.01294    0.1144   0.01677
    73/499     1.65G   0.01583     0.108   0.01686    0.1407      1103       640    0.2303    0.6582    0.2292    0.1577  0.009801    0.1099   0.01688
    74/499     1.65G   0.01646    0.1045   0.01693    0.1378      1136       640    0.2177    0.6201    0.2009    0.1237   0.01117    0.1145   0.01716
    75/499     1.65G   0.01731    0.1061    0.0168    0.1402      1040       640    0.2216     0.669    0.2227    0.1412   0.01064    0.1194   0.01682
    76/499     1.65G   0.01659    0.1084   0.01674    0.1417      1149       640    0.2191    0.6508    0.2152    0.1523  0.009452    0.1171   0.01689
    77/499     1.65G   0.01561    0.1044    0.0168    0.1368      1048       640    0.2368    0.6578    0.2463      0.14   0.01263     0.137   0.01665
    78/499     1.65G   0.01561    0.1025   0.01667    0.1348       730       640    0.2328    0.6726    0.2474    0.1552   0.01038    0.1122   0.01656
    79/499     1.65G   0.01703    0.1038   0.01664    0.1374      1151       640    0.2443    0.6686    0.2643    0.1694   0.01052    0.1131   0.01659
    80/499     1.65G   0.01563    0.1051   0.01653    0.1373       773       640    0.2837    0.6989    0.2611    0.1591   0.01153    0.1179   0.01654
    81/499     1.65G   0.01567    0.1016   0.01656    0.1338       866       640    0.2328    0.6544    0.2535    0.1763  0.009931    0.1217   0.01641
    82/499     1.65G    0.0158    0.1098   0.01643     0.142      1092       640    0.3869    0.6748    0.2582    0.1629   0.01098    0.1117   0.01656
    83/499     1.65G   0.01689    0.1056   0.01644    0.1389      1754       640    0.2325    0.6726    0.2478    0.1631   0.01024    0.1185   0.01645
    84/499     1.65G   0.01593    0.1052   0.01646    0.1376      1138       640    0.3641    0.7049    0.2301    0.1525   0.01007    0.1116   0.01641
    85/499     1.65G   0.01557    0.1025   0.01643    0.1345      1210       640    0.3841    0.6782     0.258    0.1809  0.009738    0.1071   0.01646
    86/499     1.65G   0.01549    0.1052   0.01631     0.137      1373       640    0.2708    0.7393    0.2747    0.1845    0.0104    0.1053   0.01631
    87/499     1.65G   0.01495    0.1014   0.01633    0.1327       901       640    0.3848    0.6813    0.2739    0.1712   0.01063    0.1095   0.01617
    88/499     1.65G   0.01599   0.09871   0.01623    0.1309       892       640    0.2712    0.7586    0.2845    0.1967  0.009657    0.1084   0.01623
    89/499     1.65G   0.01535   0.09884   0.01632    0.1305       964       640     0.253    0.6811    0.2405    0.1607  0.009713    0.1036    0.0166
    90/499     1.65G   0.01527   0.09923   0.01625    0.1308       947       640    0.2573    0.6859    0.2399    0.1658  0.009788   0.09939   0.01659
    91/499     1.65G    0.0159    0.1021   0.01612    0.1341      1081       640    0.2647    0.7472    0.2701    0.1747   0.01072    0.0993   0.01607
    92/499     1.65G    0.0163    0.1054   0.01611    0.1378      1232       640    0.2629    0.7327    0.2555    0.1736  0.009834    0.1011   0.01629
    93/499     1.65G   0.01617    0.1081   0.01621    0.1405       945       640    0.2596    0.7208    0.2554    0.1779  0.009575   0.09949   0.01639
    94/499     1.65G   0.01624    0.1048   0.01613    0.1372       883       640    0.2868    0.7587    0.2824    0.2032  0.009162    0.1004   0.01605
    95/499     1.65G   0.01617    0.1035   0.01611    0.1358       807       640    0.2614    0.7063    0.2582      0.19  0.008899   0.09303   0.01643
    96/499     1.65G   0.01568    0.1016   0.01603    0.1333      1057       640    0.2849    0.7675    0.2802    0.2014   0.00942    0.1012   0.01603
    97/499     1.65G   0.01523   0.09702   0.01598    0.1282      1628       640    0.2795    0.7665    0.2759    0.2009   0.00924    0.1016   0.01608
    98/499     1.65G   0.01503    0.1034   0.01596    0.1344       889       640    0.2577    0.6945    0.2476    0.1761  0.009416   0.09877   0.01648
    99/499     1.65G   0.01457    0.1004   0.01598    0.1309       999       640    0.2605     0.733    0.2631    0.1922  0.008994   0.09296    0.0161
   100/499     1.65G   0.01537     0.107   0.01601    0.1384       756       640     0.274    0.7575    0.2829    0.2046  0.009547    0.1057    0.0159
   101/499     1.65G   0.01544    0.1047   0.01604    0.1362      1358       640    0.3829    0.7227    0.2804    0.1883  0.009877     0.107   0.01585
   102/499     1.65G   0.01507   0.09874   0.01593    0.1297       695       640    0.3908    0.7232    0.2892    0.1873  0.009877    0.1046   0.01601
   103/499     1.65G   0.01542   0.09858   0.01582    0.1298      1391       640    0.2606    0.7254    0.2531    0.1769  0.009846    0.1167   0.01605
   104/499     1.65G   0.01642    0.1123   0.01596    0.1446      1073       640    0.2781     0.772    0.2877    0.2131  0.008863   0.09925    0.0159
   105/499     1.65G   0.01388    0.1036   0.01608    0.1335      1019       640    0.2653    0.7372    0.2721     0.192  0.009657   0.09725    0.0161
   106/499     1.65G    0.0154    0.1031   0.01596    0.1345      1582       640    0.2798    0.7724    0.2897    0.2109   0.00903    0.1056   0.01591
   107/499     1.65G    0.0135    0.0963   0.01588    0.1257       744       640     0.283    0.7822    0.2919    0.2194  0.008631   0.09451   0.01592
   108/499     1.65G    0.0148    0.1009    0.0158    0.1315      1234       640     0.273    0.7354    0.2615    0.1808   0.01002    0.1141   0.01621
   109/499     1.65G   0.01495    0.1002   0.01585     0.131      1133       640    0.2602    0.7254    0.2589    0.1888  0.009402    0.1089   0.01614
   110/499     1.65G   0.01435   0.09522   0.01593    0.1255       955       640     0.262     0.733     0.266    0.1962  0.008885   0.09505   0.01613
   111/499     1.65G   0.01527    0.1023   0.01583    0.1334       816       640    0.2755    0.7731    0.2858     0.194   0.01003    0.1025   0.01566
   112/499     1.65G   0.01516    0.1036   0.01569    0.1344      1088       640    0.2655    0.7657    0.2811    0.2073  0.008819   0.09859   0.01581
   113/499     1.65G   0.01486   0.09673   0.01567    0.1273      1109       640    0.2673    0.7646    0.2853    0.1988  0.009623   0.09872   0.01586
   114/499     1.65G   0.01622    0.1001   0.01573     0.132      1096       640    0.2611    0.7132    0.2604    0.1889   0.00903   0.09673   0.01625
   115/499     1.65G   0.01632    0.1007   0.01587    0.1328      1155       640      0.27      0.76    0.2807    0.2041  0.009059    0.1001   0.01587
   116/499     1.65G   0.01481   0.09545   0.01566    0.1259       670       640    0.2672    0.7652    0.2946    0.2142   0.00891   0.08568   0.01566
   117/499     1.65G   0.01484    0.1017   0.01559    0.1321      1080       640    0.2673    0.7721    0.2857    0.2048   0.01002    0.1004   0.01559
   118/499     1.65G   0.01542    0.1028   0.01567    0.1339      1061       640    0.2776    0.7789    0.2897     0.223  0.008409    0.0967   0.01587
   119/499     1.65G    0.0132   0.09543   0.01586    0.1245       805       640    0.2741    0.7496    0.2679    0.2032  0.008828   0.09819   0.01618
   120/499     1.65G   0.01411   0.09765   0.01574    0.1275      1131       640    0.2736    0.7681    0.2794    0.2083    0.0084   0.09429   0.01592
   121/499     1.65G   0.01443   0.09523   0.01558    0.1252      1304       640    0.2784    0.8102    0.3038    0.2228  0.008668   0.08969   0.01552
   122/499     1.65G   0.01535     0.105   0.01563     0.136       932       640    0.2667    0.7562    0.2812    0.2051  0.008933    0.1012   0.01574
   123/499     1.65G   0.01438   0.09627   0.01557    0.1262      1130       640    0.2582    0.7484    0.2582    0.1917  0.008658   0.09321   0.01593
   124/499     1.65G   0.01417   0.09447   0.01558    0.1242       866       640    0.2681    0.7405    0.2627    0.1979  0.008765   0.09034   0.01609
   125/499     1.65G   0.01451   0.09761    0.0156    0.1277      1711       640    0.2802    0.7913    0.2936    0.2153  0.008878   0.08708   0.01571
   126/499     1.65G   0.01403   0.09776   0.01548    0.1273       863       640    0.2677    0.7713    0.2826    0.1977  0.009305    0.1056   0.01568
   127/499     1.65G   0.01487   0.09559   0.01546    0.1259       877       640    0.2664      0.76    0.2786    0.1981  0.009177    0.0974    0.0158
   128/499     1.65G   0.01397   0.09658   0.01555    0.1261       829       640    0.2735     0.778    0.2875    0.2142  0.008662   0.09318   0.01572
   129/499     1.65G   0.01417   0.09313   0.01552    0.1228      1017       640    0.2691    0.7628    0.2846     0.221  0.008176   0.08199   0.01563
   130/499     1.65G   0.01351    0.0966   0.01536    0.1255      1387       640    0.2728     0.785    0.2927    0.2257  0.008196   0.08441   0.01552
   131/499     1.65G   0.01328   0.09127   0.01534    0.1199       984       640     0.277    0.7884     0.292    0.2184  0.008594   0.08547   0.01555
   132/499     1.65G   0.01415   0.09736    0.0154    0.1269       952       640     0.262    0.7706    0.2825    0.2134  0.008543   0.08519   0.01561
   133/499     1.65G   0.01453   0.09425   0.01544    0.1242      1031       640    0.2706    0.7795    0.2839    0.2131   0.00859   0.08875    0.0157
   134/499     1.65G   0.01476   0.09909   0.01549    0.1293       913       640    0.2569    0.7374    0.2534    0.1921  0.008513     0.106   0.01598
   135/499     1.65G   0.01446   0.09581   0.01543    0.1257      1270       640    0.2704    0.7935    0.2803    0.2054  0.008743   0.09456   0.01564
   136/499     1.65G   0.01461   0.09838   0.01544    0.1284       729       640    0.2705    0.7594     0.278    0.2141  0.008051   0.08751    0.0158
   137/499     1.65G    0.0136   0.09967   0.01539    0.1287      1324       640    0.2715    0.7755    0.2781    0.2148  0.008366   0.09483   0.01587
   138/499     1.65G   0.01315   0.08822   0.01537    0.1167      1333       640    0.2725    0.7885    0.2868    0.2082  0.008992   0.09487   0.01562
   139/499     1.65G   0.01418   0.09564   0.01532    0.1251      1443       640    0.2757    0.7956    0.2955    0.2188  0.008796   0.08736   0.01553
   140/499     1.65G   0.01367    0.0979   0.01543     0.127      1088       640    0.2702    0.7626    0.2792    0.2203   0.00839   0.08748   0.01578
   141/499     1.65G   0.01417   0.09467   0.01536    0.1242       869       640    0.2675    0.7579    0.2711    0.2087  0.008415   0.08543   0.01588
   142/499     1.65G   0.01408   0.09275   0.01535    0.1222      1106       640    0.2656    0.7638    0.2741    0.1951    0.0097   0.08828   0.01576
   143/499     1.65G   0.01363    0.0912   0.01529    0.1201      1358       640    0.2702    0.7687     0.279    0.2129  0.008495   0.08394   0.01571
   144/499     1.65G   0.01325   0.09139    0.0153    0.1199      1017       640    0.2719    0.7974    0.2911    0.2176  0.008561   0.08243   0.01548
   145/499     1.65G   0.01453   0.09047   0.01532    0.1203      1454       640    0.2624    0.7843    0.2815     0.207  0.008874   0.08084   0.01566
   146/499     1.65G   0.01355    0.0949   0.01522    0.1237      1485       640    0.2647    0.7884    0.2879    0.2195  0.008475   0.07928   0.01562
   147/499     1.65G   0.01375   0.09499   0.01522     0.124       951       640    0.2802    0.8154    0.3075    0.2319  0.008393   0.08463   0.01518
   148/499     1.65G   0.01367   0.09415   0.01515     0.123      1125       640    0.2748    0.7936    0.2916    0.2303  0.007769   0.08039   0.01552
   149/499     1.65G   0.01358   0.09441   0.01521    0.1232       888       640    0.2647    0.7742    0.2745    0.2179  0.007879   0.08655   0.01563
   150/499     1.65G   0.01399   0.08987   0.01525    0.1191      1078       640    0.2623    0.7692    0.2767    0.2178  0.008191   0.08213   0.01567
   151/499     1.65G   0.01346   0.09229   0.01523     0.121       697       640    0.2694    0.7435    0.2649    0.1904   0.00926   0.09091   0.01591
   152/499     1.65G   0.01464    0.0934   0.01521    0.1233      1264       640    0.2799    0.7893    0.2952     0.218  0.008638   0.09425   0.01549
   153/499     1.65G   0.01378   0.09137    0.0152    0.1204      1359       640     0.272    0.8185    0.3015    0.2277  0.008463   0.07866   0.01529
   154/499     1.65G   0.01395   0.08999   0.01521    0.1191      1037       640    0.2501    0.7139    0.2507    0.1961    0.0082   0.08076    0.0162
   155/499     1.65G   0.01322   0.08875   0.01519    0.1172      1720       640    0.2673    0.7951    0.2834    0.2142  0.008625   0.08205   0.01553
   156/499     1.65G   0.01323   0.09227   0.01512    0.1206      1289       640    0.2737    0.8085    0.2962    0.2278  0.008179   0.07817    0.0154
   157/499     1.65G   0.01339   0.09601   0.01514    0.1245      1396       640    0.2545     0.757    0.2681    0.2087  0.008263   0.07864   0.01581
   158/499     1.65G   0.01244   0.09144   0.01516     0.119       815       640    0.2596    0.7714    0.2734    0.2092  0.008522    0.0805   0.01564
   159/499     1.65G   0.01343   0.08971   0.01521    0.1184      1219       640    0.2747    0.8172    0.3003    0.2337  0.008305   0.08355   0.01529
   160/499     1.65G   0.01457   0.09741   0.01514    0.1271      1009       640    0.2871     0.834    0.3233    0.2531  0.007758   0.08368   0.01499
   161/499     1.65G   0.01383    0.0936   0.01512    0.1226       983       640     0.284    0.8205    0.3132    0.2291  0.009936   0.09053   0.01513
   162/499     1.65G   0.01384   0.09139   0.01523    0.1205      1276       640    0.2793    0.7759    0.2892    0.2335  0.008424   0.08421   0.01554
   163/499     1.65G   0.01432    0.0929   0.01512    0.1223      1305       640    0.2758    0.7904    0.2943    0.2306  0.008425   0.08082   0.01537
   164/499     1.65G   0.01312   0.08901   0.01509    0.1172       745       640    0.2786    0.7928    0.2941    0.2317  0.007808   0.07764    0.0155
   165/499     1.65G   0.01362   0.08593   0.01513    0.1147      1427       640    0.2819    0.7754    0.2879    0.2132  0.008643   0.08706   0.01562
   166/499     1.65G   0.01447   0.09457   0.01507    0.1241      1405       640    0.2834    0.8172    0.2965    0.2301  0.008031   0.08031    0.0153
   167/499     1.65G   0.01334   0.08541   0.01506    0.1138      1000       640    0.2775    0.8031    0.2961    0.2339  0.007838   0.07694   0.01532
   168/499     1.65G    0.0141   0.09065     0.015    0.1198      1308       640    0.2922    0.8147    0.3218    0.2456  0.008205    0.0777    0.0149
   169/499     1.65G   0.01403   0.09416   0.01504    0.1232      1139       640    0.2901      0.82    0.3192    0.2403  0.008446   0.08012    0.0149
   170/499     1.65G    0.0128   0.09026   0.01503    0.1181       756       640    0.2748    0.7839    0.2899    0.2288  0.007913   0.07858   0.01531
   171/499     1.65G    0.0135   0.08978   0.01505    0.1183       988       640    0.2671    0.7958    0.2806    0.2217   0.00792   0.07735   0.01533
   172/499     1.65G   0.01367   0.08981   0.01499    0.1185      1135       640    0.2686     0.796    0.2769     0.218  0.008288   0.08093   0.01545
   173/499     1.65G   0.01417   0.08953   0.01501    0.1187       731       640    0.2549    0.7446    0.2588    0.1996  0.008076   0.08121   0.01587
   174/499     1.65G   0.01354   0.08796   0.01502    0.1165      1123       640    0.2718    0.7889    0.2831    0.2173  0.008313   0.08211   0.01548
   175/499     1.65G   0.01387   0.09154   0.01496    0.1204      1113       640    0.2746    0.7874    0.2878    0.2313  0.007641   0.08004    0.0153
   176/499     1.65G   0.01338   0.09197   0.01494    0.1203       858       640     0.283    0.8315    0.3102     0.243  0.008031   0.07577   0.01493
   177/499     1.65G    0.0143   0.09527   0.01505    0.1246      1054       640    0.2777    0.8184    0.2955    0.2246  0.008706   0.08808   0.01517
   178/499     1.65G   0.01397   0.09457   0.01508    0.1236      1520       640    0.2776    0.8049    0.2913    0.2236  0.008252   0.07644   0.01538
   179/499     1.65G    0.0125   0.08482   0.01501    0.1123      1254       640    0.2896    0.8334    0.3066    0.2435  0.007846   0.07628   0.01526
   180/499     1.65G   0.01271   0.08492   0.01488    0.1125       973       640    0.2923    0.8167    0.3105    0.2467  0.007637   0.08057   0.01525
   181/499     1.65G   0.01287   0.08942   0.01488    0.1172      1196       640    0.2908    0.8163    0.3176    0.2533  0.007806   0.08668   0.01506
   182/499     1.65G   0.01302    0.0904   0.01496    0.1184      1175       640     0.287    0.8305    0.3207    0.2426  0.008344   0.09108   0.01496
   183/499     1.65G   0.01317   0.08981   0.01494    0.1179      1204       640    0.2834    0.8251     0.304    0.2405  0.007955   0.08348   0.01508
   184/499     1.65G   0.01324   0.09111   0.01487    0.1192      1689       640    0.2909    0.8433    0.3227    0.2503  0.008002   0.07434   0.01481
   185/499     1.65G   0.01327   0.09778   0.01492     0.126       977       640    0.2893    0.8076     0.304    0.2045  0.009182   0.08498   0.01515
   186/499     1.65G   0.01337   0.09253   0.01497    0.1209       951       640     0.299    0.8158     0.309    0.2388  0.007912   0.08691   0.01527
   187/499     1.65G   0.01269   0.08534   0.01505    0.1131       934       640    0.3009    0.8302    0.3126    0.2443  0.007995   0.08372   0.01523
   188/499     1.65G   0.01279   0.08782   0.01495    0.1156      1483       640    0.3025     0.788    0.3128    0.2472  0.007682   0.09197   0.01528
   189/499     1.65G   0.01244   0.08791   0.01483    0.1152      1149       640     0.296    0.8139    0.3205    0.2596  0.007557   0.08405   0.01497
   190/499     1.65G   0.01315   0.08847   0.01483    0.1164      1135       640    0.2873    0.8105    0.3026    0.2333   0.00782   0.08333   0.01523
   191/499     1.65G   0.01257   0.08829   0.01487    0.1157      1005       640    0.2944    0.8142    0.3132    0.2497  0.007708   0.07821   0.01513
   192/499     1.65G   0.01252   0.08936    0.0148    0.1167      1032       640    0.2804    0.7805    0.2813    0.2256  0.007917   0.07933   0.01556
   193/499     1.65G   0.01391   0.08932   0.01481     0.118      1407       640    0.2988     0.844    0.3262    0.2538  0.008106   0.07544   0.01485
   194/499     1.65G   0.01271   0.09041   0.01482    0.1179      1176       640    0.2838    0.8054    0.2962    0.2373  0.007602   0.07722    0.0152
   195/499     1.65G   0.01297   0.09029   0.01488    0.1181       661       640    0.2809    0.8077    0.2992    0.2319  0.008465   0.07636   0.01533
   196/499     1.65G   0.01334     0.091   0.01482    0.1192       850       640      0.29    0.8221    0.3095     0.241   0.00786   0.07245   0.01504
   197/499     1.65G   0.01227   0.09114   0.01481    0.1182       903       640    0.3001    0.8311    0.3214    0.2561  0.007693   0.07731   0.01501
   198/499     1.65G   0.01265   0.08509   0.01475    0.1125      1224       640    0.2981    0.8452    0.3241     0.256  0.007865   0.07704   0.01486
   199/499     1.65G   0.01285    0.0888   0.01473    0.1164       728       640    0.2843    0.7622    0.2719    0.2174  0.007879    0.0796   0.01592
   200/499     1.65G   0.01342   0.09375   0.01486     0.122      1012       640    0.2702    0.7009    0.2375    0.1942  0.007804   0.08354   0.01628
   201/499     1.65G   0.01297   0.09069   0.01477    0.1184      1091       640    0.2961     0.794    0.2955    0.2308  0.008027   0.07695   0.01535
   202/499     1.65G   0.01304   0.08921   0.01471     0.117      1031       640    0.3082     0.836    0.3316    0.2563  0.008146   0.07428   0.01487
   203/499     1.65G   0.01305   0.08933   0.01478    0.1172      1120       640    0.2958    0.8187    0.3142    0.2493  0.007859   0.07161   0.01501
   204/499     1.65G   0.01444   0.09313   0.01487    0.1225      1221       640    0.2993    0.7814     0.297    0.2381  0.007603   0.07259   0.01551
   205/499     1.65G   0.01341   0.08511   0.01473    0.1133      1110       640    0.3084    0.8198    0.3232    0.2552  0.007827   0.07107   0.01501
   206/499     1.65G   0.01225   0.08605   0.01459    0.1129      1179       640    0.3069    0.8426    0.3381    0.2666  0.007565   0.06953    0.0148
   207/499     1.65G   0.01278   0.08919   0.01462    0.1166       753       640    0.3128    0.8058    0.3476     0.274  0.007603     0.074   0.01468
   208/499     1.65G   0.01314    0.0857   0.01461    0.1135      1045       640    0.3098    0.8443    0.3874    0.3031  0.007743   0.07715   0.01449
   209/499     1.65G   0.01275   0.09017   0.01455    0.1175      1045       640    0.3103    0.8424    0.3671    0.2899   0.00805   0.07636   0.01477
   210/499     1.65G    0.0123   0.08855   0.01457    0.1154      1088       640    0.3119     0.864    0.3876    0.3101  0.007698   0.07366   0.01462
   211/499     1.65G   0.01279    0.0875   0.01448    0.1148      1100       640     0.314    0.8545    0.3835    0.3019  0.007864   0.07346   0.01472
   212/499     1.65G   0.01208   0.08364   0.01439    0.1101      1008       640    0.3171    0.8444    0.4007    0.3163  0.007856   0.07552    0.0145
   213/499     1.65G   0.01328   0.08689   0.01448    0.1146      1442       640    0.3114    0.8284    0.3887    0.3127  0.007482   0.07656   0.01479
   214/499     1.65G   0.01255   0.08909   0.01446    0.1161       772       640    0.3076    0.8302     0.391    0.3171   0.00735   0.07778   0.01453
   215/499     1.65G   0.01184   0.08156   0.01438    0.1078       997       640    0.3266    0.8092    0.4023    0.3195   0.00769   0.07929   0.01443
   216/499     1.65G   0.01297   0.08477   0.01438    0.1121       843       640    0.3378    0.7441    0.3886    0.3043  0.007653    0.0747   0.01478
   217/499     1.65G   0.01217   0.08122   0.01425    0.1076      1340       640     0.323    0.7512    0.3634    0.2853  0.007686   0.07741   0.01521
   218/499     1.65G   0.01253   0.08969   0.01428    0.1165       951       640    0.3183    0.7966    0.3818     0.298  0.008121   0.07904   0.01494
   219/499     1.65G   0.01244    0.0865   0.01432    0.1133      1450       640    0.3395    0.8045    0.4072    0.3274  0.007451   0.07029   0.01438
   220/499     1.65G   0.01297   0.08929   0.01438    0.1166       750       640    0.3116    0.7982    0.3774    0.3053  0.007414   0.07454   0.01483
   221/499     1.65G   0.01215   0.08687    0.0143    0.1133       856       640    0.3243    0.8229    0.4022    0.3181  0.007822   0.07453   0.01435
   222/499     1.65G    0.0124    0.0837   0.01416    0.1103      1755       640     0.318    0.8408    0.4016    0.3147  0.007972   0.07487   0.01438
   223/499     1.65G   0.01297   0.09068    0.0142    0.1179      1080       640    0.3243    0.8185    0.3974    0.3198  0.007312   0.06902   0.01437
   224/499     1.65G   0.01198   0.08353   0.01411    0.1096       831       640    0.3169      0.78    0.3566    0.2872  0.007447   0.07303   0.01518
   225/499     1.65G   0.01197   0.08993   0.01412     0.116       932       640    0.3055    0.7926    0.3456    0.2621  0.009106    0.1028   0.01474
   226/499     1.65G   0.01255   0.08985   0.01404    0.1164      1115       640    0.3119    0.8666    0.4182     0.329  0.007616   0.07694   0.01379
   227/499     1.65G   0.01309   0.09216   0.01412    0.1194       902       640     0.331    0.8458    0.4347    0.3494  0.007534   0.07591   0.01379
   228/499     1.65G   0.01274    0.0887   0.01409    0.1155      1351       640    0.3457    0.8213    0.4226    0.3338  0.007405   0.07351   0.01392
   229/499     1.65G   0.01203   0.08518   0.01406    0.1113      1168       640    0.3452    0.8083     0.425    0.3362  0.007704   0.07738   0.01418
   230/499     1.65G    0.0128   0.08868    0.0141    0.1156      1115       640    0.3358    0.8056    0.4188    0.3293  0.007637   0.07516   0.01429
   231/499     1.65G   0.01183   0.08328   0.01387     0.109      1142       640    0.3389    0.8424    0.4389    0.3525  0.007514   0.07665   0.01392
   232/499     1.65G   0.01209    0.0828   0.01384    0.1087      1012       640    0.3348    0.8618    0.4313    0.3441  0.007942   0.07652   0.01363
   233/499     1.65G   0.01201    0.0866   0.01387    0.1125       909       640    0.3162    0.8456    0.4192    0.3347  0.007474   0.07986   0.01357
   234/499     1.65G   0.01105   0.08094   0.01392    0.1059      1078       640    0.3461    0.8031    0.4215    0.3368  0.007696   0.07443   0.01379
   235/499     1.65G   0.01182   0.07948   0.01389    0.1052      1630       640    0.3301    0.8495    0.4211    0.3352  0.007488   0.07414   0.01364
   236/499     1.65G   0.01221   0.08334   0.01388    0.1094      1142       640    0.3449    0.8218      0.44    0.3495  0.007377    0.0734    0.0136
   237/499     1.65G   0.01182   0.08213   0.01375    0.1077       836       640    0.3439    0.8219    0.4411    0.3605  0.007232   0.07481    0.0138
   238/499     1.65G   0.01219   0.08604   0.01372     0.112      1650       640    0.3387    0.7973    0.4099    0.3342  0.007316   0.07539   0.01414
   239/499     1.65G   0.01298   0.08654   0.01396    0.1135       816       640    0.3337    0.7577    0.3788     0.305  0.007383    0.0772   0.01455
   240/499     1.65G   0.01208   0.08323   0.01371     0.109      1263       640     0.352    0.8149    0.4458    0.3502  0.007549   0.07377   0.01365
   241/499     1.65G   0.01307   0.09663    0.0139    0.1236      1225       640    0.3447     0.842    0.4245    0.3379   0.00784   0.07965   0.01359
   242/499     1.65G   0.01174   0.08299   0.01377    0.1085       872       640    0.3541      0.84    0.4403    0.3457  0.007587   0.07467   0.01347
   243/499     1.65G   0.01194   0.08285   0.01372    0.1085       729       640    0.3443    0.8416    0.4376    0.3541  0.007195   0.07184    0.0136
   244/499     1.65G   0.01271   0.09135   0.01367    0.1177      1518       640     0.351    0.8415    0.4505    0.3629  0.007307   0.07335   0.01336
   245/499     1.65G   0.01265   0.08812   0.01379    0.1146       930       640     0.346    0.8526    0.4407    0.3512  0.007444   0.07588    0.0135
   246/499     1.65G   0.01209   0.08387   0.01381    0.1098      1129       640    0.3317    0.8601    0.4221    0.3386  0.007574   0.07431   0.01386
   247/499     1.65G   0.01196    0.0842   0.01364    0.1098      1160       640    0.3404    0.8357    0.4223    0.3376  0.007408    0.0702   0.01375
   248/499     1.65G   0.01208   0.08381   0.01365    0.1095      1070       640    0.3532    0.8314    0.4451    0.3566  0.007491   0.07656   0.01361
   249/499     1.65G   0.01248   0.09026   0.01376    0.1165      1213       640     0.359    0.8369    0.4567    0.3683   0.00716    0.0765   0.01349
   250/499     1.65G   0.01205   0.08324   0.01368     0.109       996       640    0.3409    0.8209    0.4122    0.3308  0.007549   0.07584   0.01405
   251/499     1.65G   0.01249   0.08211   0.01363    0.1082      1064       640    0.3368    0.8453    0.4238    0.3363  0.007597     0.073   0.01347
   252/499     1.65G   0.01219   0.08638   0.01377    0.1123       910       640    0.3505    0.8195    0.4077    0.3248  0.007548   0.07506   0.01423
   253/499     1.65G   0.01177   0.08508   0.01366    0.1105      1155       640    0.3541    0.8451    0.4283    0.3433  0.007377   0.06845   0.01361
   254/499     1.65G   0.01203   0.07775   0.01362    0.1034       867       640    0.3457    0.8374    0.4437     0.358  0.007256   0.06951   0.01366
   255/499     1.65G   0.01209   0.08665   0.01355    0.1123      1044       640    0.3462    0.8311     0.467    0.3796  0.007152   0.06879   0.01346
   256/499     1.65G   0.01265   0.08716   0.01365    0.1135      1794       640     0.344    0.8519    0.4558     0.365  0.007561   0.07302   0.01317
   257/499     1.65G   0.01225   0.08433   0.01355    0.1101       906       640    0.3338    0.8608    0.4633    0.3749  0.007208   0.07736   0.01311
   258/499     1.65G   0.01213   0.08586   0.01348    0.1115      1056       640    0.3353    0.8347    0.4576    0.3684  0.007407   0.07374   0.01369
   259/499     1.65G   0.01187    0.0856   0.01359    0.1111       948       640     0.341    0.7981     0.435    0.3482  0.007387    0.0713   0.01409
   260/499     1.65G   0.01194   0.08363   0.01341     0.109      1478       640    0.3407    0.8392    0.4497    0.3673  0.007261   0.06876   0.01367
   261/499     1.65G   0.01182   0.07974   0.01346     0.105       978       640    0.3486    0.7695    0.4417    0.3599  0.007238   0.06808   0.01396
   262/499     1.65G   0.01261   0.08375   0.01353    0.1099      1223       640    0.3406    0.8293    0.4625    0.3802  0.007048   0.07031   0.01387
   263/499     1.65G   0.01165   0.08507   0.01338    0.1101      1315       640    0.3556    0.7887    0.4659    0.3768  0.007345    0.0789   0.01393
   264/499     1.65G   0.01168   0.08647   0.01343    0.1116       883       640    0.3642    0.8373    0.5032    0.4121  0.007313    0.0777   0.01335
   265/499     1.65G    0.0124   0.08236   0.01342    0.1082      1149       640    0.3599    0.8702    0.4965    0.3996  0.007517     0.077   0.01297
   266/499     1.65G   0.01231   0.08745   0.01357    0.1133      1280       640    0.3571    0.8515    0.4757    0.3821  0.007491   0.07296   0.01304
   267/499     1.65G    0.0112   0.08418   0.01356    0.1089      1184       640    0.3553    0.8504    0.4691    0.3809  0.007191   0.06946    0.0134
   268/499     1.65G   0.01199   0.07958   0.01343     0.105      1104       640    0.3518    0.8316    0.4849    0.3935  0.007181   0.07089    0.0133
   269/499     1.65G    0.0124   0.08729    0.0134    0.1131      1259       640    0.3506    0.8811    0.4945    0.3965  0.007543   0.07103   0.01309
   270/499     1.65G   0.01208   0.08278   0.01339    0.1082      1023       640    0.3586    0.8616     0.491    0.3986  0.007174   0.06906   0.01355
   271/499     1.65G   0.01213   0.07962   0.01342    0.1052       732       640    0.3498    0.7997    0.4371    0.3584  0.007107   0.06807   0.01445
   272/499     1.65G   0.01185   0.08088   0.01334    0.1061       877       640    0.3546    0.7935    0.4456     0.368  0.006997   0.06731   0.01423
   273/499     1.65G   0.01182   0.08342   0.01328    0.1085      1222       640    0.3563    0.8616    0.4774    0.3921  0.007064   0.06945    0.0135
   274/499     1.65G   0.01227   0.08171   0.01339    0.1074      1170       640    0.3503    0.8777    0.5021    0.4092  0.007163   0.07054   0.01296
   275/499     1.65G   0.01153    0.0808   0.01322    0.1055      1342       640    0.3493    0.8775     0.499    0.4113  0.007003   0.07117   0.01277
   276/499     1.65G   0.01161   0.08126   0.01329    0.1062       927       640    0.3556    0.8469    0.5035    0.4058  0.007154   0.07594   0.01278
   277/499     1.65G   0.01112   0.08365   0.01317    0.1079      1247       640     0.368    0.7884     0.503    0.4042  0.007343   0.06839   0.01324
   278/499     1.65G   0.01206    0.0838   0.01333    0.1092      1180       640    0.3548    0.8642    0.5067    0.4064  0.007289    0.0688   0.01296
   279/499     1.65G   0.01163   0.08008   0.01319    0.1049       887       640     0.353    0.8386    0.5011    0.4083  0.007075   0.06817   0.01305
   280/499     1.65G   0.01221   0.08082    0.0131    0.1061      1318       640    0.3601    0.8308    0.4833    0.3869  0.007533    0.0724   0.01363
   281/499     1.65G   0.01181   0.08898   0.01322     0.114       822       640    0.3662     0.791    0.4623    0.3793  0.007176   0.07472   0.01415
   282/499     1.65G   0.01085   0.07832   0.01321    0.1024      1390       640    0.3723    0.7906    0.4886    0.4011  0.007171   0.06851   0.01358
   283/499     1.65G   0.01112    0.0812   0.01319    0.1055      1122       640     0.362    0.8174    0.4961    0.3996  0.007201   0.06654   0.01333
   284/499     1.65G   0.01115   0.07912   0.01305    0.1033       877       640    0.3708    0.8111    0.5095    0.4159  0.007168   0.07089    0.0131
   285/499     1.65G   0.01183    0.0832    0.0131    0.1081      1139       640    0.3662    0.8356    0.5154    0.4249  0.007064   0.07054   0.01299
   286/499     1.65G   0.01124   0.07697   0.01305    0.1013      1349       640    0.3706    0.8474    0.5236    0.4308  0.006955   0.06752    0.0127
   287/499     1.65G   0.01166   0.08157   0.01326    0.1065       904       640    0.3619    0.8475     0.514    0.4267  0.006951   0.06883   0.01279
   288/499     1.65G   0.01197   0.08241   0.01306    0.1074       656       640    0.3576    0.8518    0.5069    0.4029  0.007357   0.07393   0.01294
   289/499     1.65G   0.01183   0.08328   0.01308    0.1082      1285       640    0.3715    0.7983    0.5077    0.4135  0.007116   0.06875   0.01308
   290/499     1.65G   0.01133   0.08433   0.01319    0.1088      1533       640    0.3728    0.8534    0.5218    0.4248  0.007185   0.06738    0.0127
   291/499     1.65G   0.01194   0.08271   0.01318    0.1078      1064       640    0.3723     0.808    0.5064    0.4131  0.007085   0.06739   0.01305
   292/499     1.65G   0.01165   0.08136   0.01293    0.1059      1284       640    0.3744    0.7922    0.4906    0.4025  0.007154   0.07139   0.01355
   293/499     1.65G   0.01119   0.08042   0.01297    0.1046       991       640    0.3787    0.8091    0.5108    0.4212  0.007119   0.06707   0.01312
   294/499     1.65G   0.01083   0.07853   0.01297    0.1023      1147       640     0.383    0.8359    0.5275     0.427   0.00713   0.06723   0.01269
   295/499     1.65G   0.01142   0.08199   0.01293    0.1063      1331       640    0.3862    0.8153    0.5224    0.4254  0.007142   0.07218   0.01313
   296/499     1.65G   0.01108   0.07677   0.01291    0.1008       848       640    0.3733    0.7907    0.4968    0.4046   0.00716   0.07767   0.01353
   297/499     1.65G   0.01134   0.07646   0.01283    0.1006       970       640    0.3923    0.7941    0.5301    0.4374  0.007029   0.07411    0.0128
   298/499     1.65G   0.01174   0.08153   0.01289    0.1062       927       640    0.3913    0.7533    0.5043    0.4156  0.007013   0.07259   0.01346
   299/499     1.65G   0.01142   0.08462   0.01288    0.1089       646       640    0.3902    0.7674    0.5111    0.4196  0.007149   0.06867   0.01324
   300/499     1.65G   0.01197   0.08272   0.01289    0.1076       604       640    0.3663    0.8099    0.5052    0.4112  0.007032   0.06706   0.01316
   301/499     1.65G   0.01131   0.07858    0.0128    0.1027      1078       640     0.379    0.7764    0.5113    0.4155  0.007264   0.06995   0.01307
   302/499     1.65G   0.01206   0.07919   0.01286    0.1041      1134       640    0.3854    0.8046    0.5245    0.4236  0.007242   0.06981   0.01263
   303/499     1.65G   0.01224   0.08157   0.01293    0.1067       891       640    0.3642    0.8227    0.5099    0.4146  0.007369   0.07102   0.01296
   304/499     1.65G   0.01134   0.07915   0.01272    0.1032      1310       640    0.3733    0.7998    0.5026    0.4094  0.007137   0.07265   0.01323
   305/499     1.65G   0.01105   0.07872   0.01269    0.1024       853       640    0.3851    0.8292    0.5366    0.4366  0.007132   0.06754   0.01235
   306/499     1.65G   0.01108   0.08065   0.01263    0.1044      1254       640    0.3945    0.8424    0.5397    0.4437  0.006932   0.06679   0.01236
   307/499     1.65G   0.01116   0.07481   0.01258   0.09856       871       640    0.4074    0.8022    0.5372    0.4413  0.007006   0.06885   0.01248
   308/499     1.65G   0.01116   0.07944   0.01261    0.1032      1369       640    0.4052    0.7911    0.5329     0.439  0.006942   0.06894   0.01259
   309/499     1.65G   0.01125   0.08193   0.01274    0.1059      1326       640     0.389    0.7832    0.5144    0.4225  0.006997   0.06847    0.0129
   310/499     1.65G   0.01114   0.08018   0.01261    0.1039       814       640    0.3928    0.7554    0.5043    0.4151   0.00695   0.06645   0.01317
   311/499     1.65G   0.01138   0.07684   0.01253    0.1007      1099       640    0.3901    0.8192    0.5268    0.4301  0.006993   0.06619   0.01275
   312/499     1.65G   0.01108   0.07942   0.01262    0.1031      1222       640    0.3978    0.7919    0.5349    0.4358  0.007076   0.06847   0.01248
   313/499     1.65G    0.0118    0.0813   0.01275    0.1058      1160       640    0.4044    0.7801    0.5239    0.4286  0.007102   0.06904   0.01271
   314/499     1.65G   0.01199   0.07911   0.01267    0.1038       918       640    0.4369    0.7795    0.5455     0.445  0.007013    0.0711   0.01218
   315/499     1.65G    0.0122   0.07791   0.01266    0.1028      1658       640    0.4286    0.7964    0.5333    0.4409  0.006928     0.074   0.01259
   316/499     1.65G   0.01219   0.08132   0.01263    0.1061      1134       640    0.4297    0.7522    0.5269    0.4357  0.006882   0.06732   0.01269
   317/499     1.65G   0.01185   0.07771    0.0126    0.1022      1088       640    0.3971    0.8097    0.5316    0.4393  0.006896   0.06558   0.01256
   318/499     1.65G   0.01145   0.08051   0.01253    0.1045       834       640    0.4171    0.6877    0.4977    0.4115  0.006972   0.06648   0.01339
   319/499     1.65G   0.01075   0.07837   0.01245    0.1016      1215       640    0.4057    0.7781    0.5251    0.4321  0.007023   0.06492   0.01283
   320/499     1.65G   0.01191   0.07766   0.01251    0.1021      1280       640     0.409    0.8305    0.5516    0.4544  0.006948   0.06373   0.01202
   321/499     1.65G   0.01196   0.08219   0.01258    0.1067      1480       640     0.403    0.8141    0.5385    0.4463  0.006981   0.06786   0.01221
   322/499     1.65G   0.01048   0.07766   0.01222    0.1004      1067       640    0.4103    0.7988    0.5339    0.4399  0.007117    0.0706    0.0123
   323/499     1.65G   0.01007   0.07909   0.01212    0.1013       862       640    0.4256    0.7936    0.5417    0.4447  0.007001   0.07017   0.01214
   324/499     1.65G   0.01098   0.08003   0.01229    0.1033      1312       640     0.445    0.7771    0.5484    0.4388  0.007474   0.07601   0.01212
   325/499     1.65G   0.01132   0.07968   0.01234    0.1033       753       640    0.4521    0.7762     0.538    0.4355  0.007389   0.08336   0.01241
   326/499     1.65G   0.01216   0.08105   0.01242    0.1056       758       640    0.4616    0.8001    0.5444    0.4495  0.007065   0.07398   0.01222
   327/499     1.65G   0.01094   0.07843   0.01222    0.1016       816       640     0.459    0.7869    0.5417    0.4442  0.006977   0.06736    0.0123
   328/499     1.65G    0.0113    0.0804   0.01236    0.1041      1203       640    0.4499     0.786    0.5408     0.433  0.007318   0.06741    0.0123
   329/499     1.65G   0.01184   0.07722   0.01234    0.1014       928       640    0.4593    0.7447    0.5283     0.433  0.007076   0.06852   0.01251
   330/499     1.65G   0.01141   0.08401   0.01223    0.1076      1035       640    0.4649    0.7445    0.5242    0.4313   0.00741   0.06913   0.01284
   331/499     1.65G   0.01146   0.07889    0.0122    0.1026       952       640    0.4722    0.7466    0.5333    0.4418   0.00693   0.06608   0.01257
   332/499     1.65G   0.01139   0.07701    0.0123    0.1007      1106       640    0.4595    0.7832    0.5502    0.4543  0.007021   0.06728   0.01203
   333/499     1.65G   0.01107   0.07894    0.0122    0.1022       653       640    0.4406    0.7897    0.5453    0.4404  0.007363   0.07201   0.01203
   334/499     1.65G   0.01158   0.07861   0.01219    0.1024      1361       640     0.455     0.785    0.5444    0.4469  0.007078   0.06845    0.0121
   335/499     1.65G    0.0108   0.07945   0.01218    0.1024       813       640    0.4529    0.7856    0.5379    0.4302  0.007399   0.07012   0.01235
   336/499     1.65G   0.01192   0.08167   0.01231    0.1059      1081       640    0.4652    0.8055    0.5547    0.4524  0.007036    0.0655   0.01191
   337/499     1.65G   0.01217   0.08092   0.01233    0.1054      1120       640    0.4724     0.786     0.553    0.4547  0.006874   0.06448   0.01207
   338/499     1.65G   0.01262   0.08342   0.01233    0.1084      1375       640    0.4828    0.7389    0.5398    0.4476  0.006847   0.06583   0.01251
   339/499     1.65G   0.01183    0.0807   0.01224    0.1048      1232       640    0.4738    0.7895    0.5509    0.4442  0.007272   0.06735   0.01204
   340/499     1.65G   0.01118   0.07761   0.01212    0.1009      1360       640    0.4719    0.8069    0.5583    0.4577  0.007109   0.06884   0.01173
   341/499     1.65G   0.01124   0.07744   0.01227     0.101      1164       640    0.4785     0.794    0.5568    0.4503    0.0072    0.0742   0.01192
   342/499     1.65G   0.01176    0.0784   0.01226    0.1024       975       640    0.4959    0.7751    0.5466    0.4451  0.007103   0.07078   0.01233
   343/499     1.65G   0.01131   0.07854   0.01205    0.1019      1077       640    0.4928    0.7544    0.5488    0.4454  0.007057   0.06872   0.01228
   344/499     1.65G   0.01106   0.07928   0.01214    0.1025      1262       640    0.4916    0.7374    0.5313    0.4361  0.006887   0.06672   0.01277
   345/499     1.65G   0.01128   0.07754   0.01211    0.1009       724       640    0.4878    0.7767    0.5451    0.4419  0.007041    0.0677   0.01221
   346/499     1.65G   0.01107   0.08081   0.01196    0.1038      1109       640    0.4866    0.7836    0.5539    0.4566   0.00693   0.06597   0.01195
   347/499     1.65G   0.01086   0.07758   0.01198    0.1004      1046       640    0.4876    0.7756    0.5546    0.4503  0.006996   0.06786   0.01205
   348/499     1.65G   0.01215    0.0815   0.01216    0.1058      1361       640    0.4939    0.7715    0.5672    0.4654  0.007028   0.07278    0.0118
   349/499     1.65G   0.01099   0.07507   0.01194     0.098      1238       640    0.4917    0.7557    0.5522    0.4542  0.007036   0.07067   0.01217
   350/499     1.65G   0.01113   0.07813   0.01209    0.1014       911       640    0.4731    0.7903    0.5479    0.4522  0.006924   0.06801   0.01226
   351/499     1.65G   0.01072   0.07354   0.01195   0.09621       761       640    0.4858    0.7782    0.5618     0.456  0.007034   0.06878   0.01183
   352/499     1.65G    0.0111   0.07952   0.01211    0.1027      1389       640    0.4946    0.7751     0.565    0.4686  0.006828   0.06519   0.01175
   353/499     1.65G   0.01104   0.07852   0.01209    0.1016       827       640    0.4819    0.8114     0.569    0.4695  0.006841   0.06414   0.01151
   354/499     1.65G   0.01176   0.07996   0.01215    0.1039      1668       640    0.4924    0.7673    0.5537    0.4595  0.006874   0.06478   0.01215
   355/499     1.65G   0.01175    0.0807    0.0121    0.1046      1228       640    0.4667    0.7803    0.5302     0.428  0.007298   0.07073   0.01288
   356/499     1.65G   0.01069   0.07724   0.01186   0.09979      1161       640    0.4925    0.7514    0.5489    0.4462  0.007118    0.0724   0.01241
   357/499     1.65G   0.01129   0.07837   0.01212    0.1018      1121       640    0.4932    0.8018    0.5637    0.4601  0.007106   0.07432   0.01188
   358/499     1.65G   0.01039   0.07906   0.01164    0.1011      1343       640    0.4995    0.7657    0.5602    0.4491  0.007349   0.07719   0.01186
   359/499     1.65G   0.01111   0.07944   0.01189    0.1024      1117       640    0.4994    0.7962    0.5699     0.468  0.007001   0.06577   0.01134
   360/499     1.65G   0.01134   0.07863   0.01195    0.1019       931       640    0.4993    0.7947    0.5721    0.4641  0.007163   0.06715   0.01139
   361/499     1.65G   0.01139   0.08018   0.01202    0.1036      1196       640    0.4941    0.8028    0.5717    0.4692  0.006938   0.07035   0.01159
   362/499     1.65G     0.011    0.0755   0.01212   0.09861      1529       640    0.5027    0.7796    0.5685    0.4711  0.006857   0.07158   0.01177
   363/499     1.65G   0.01096   0.07784   0.01197    0.1008      1274       640    0.4991    0.7902    0.5721    0.4725  0.006791    0.0654   0.01178
   364/499     1.65G   0.01088   0.07908   0.01202     0.102      1193       640    0.5019    0.7781    0.5774    0.4835  0.006681   0.06519   0.01165
   365/499     1.65G   0.01128   0.08051   0.01191    0.1037      1004       640    0.4877    0.8068    0.5807    0.4818  0.006833   0.06937   0.01146
   366/499     1.65G   0.01107   0.07537    0.0117   0.09813       879       640    0.4801    0.8354    0.5851    0.4831  0.006943   0.06533   0.01096
   367/499     1.65G   0.01182   0.07809   0.01201    0.1019      1165       640    0.5035    0.7989    0.5843    0.4801  0.006903   0.06541   0.01121
   368/499     1.65G   0.01124   0.07481   0.01197   0.09803      1200       640    0.4929    0.7466    0.5459    0.4471  0.006901   0.06697   0.01247
   369/499     1.65G   0.01083   0.07556   0.01182   0.09821      1338       640    0.4959    0.7155    0.5366    0.4485  0.006836   0.06787   0.01277
   370/499     1.65G   0.01182   0.07478   0.01192   0.09851       913       640    0.5045    0.7604    0.5765     0.482  0.006762   0.07035   0.01184
   371/499     1.65G   0.01054   0.07402   0.01156   0.09612       601       640    0.5066    0.7802    0.5844     0.489  0.006698   0.06541   0.01167
   372/499     1.65G   0.01108   0.07877   0.01188    0.1017       800       640    0.4965    0.8168     0.589    0.4875  0.006764   0.06447   0.01138
   373/499     1.65G   0.01069   0.07753   0.01179       0.1       860       640    0.5049    0.7937    0.5808    0.4751  0.006954   0.06573   0.01157
   374/499     1.65G   0.01086   0.07288   0.01173   0.09547       987       640    0.4995    0.7611    0.5455    0.4522  0.006849   0.06851   0.01269
   375/499     1.65G   0.01055   0.07369   0.01157    0.0958      1073       640    0.5148    0.7566    0.5892    0.4866  0.006796   0.06639   0.01168
   376/499     1.65G   0.01058   0.07729   0.01161   0.09948      1065       640    0.5169    0.7674     0.599    0.4969  0.006858    0.0669   0.01137
   377/499     1.65G   0.01083   0.07672   0.01182   0.09938       978       640    0.5157    0.7954    0.6033    0.5029  0.006735   0.06449   0.01113
   378/499     1.65G   0.01082   0.07443   0.01167   0.09692      1265       640    0.5227     0.754    0.5913    0.4841  0.006845   0.06554   0.01141
   379/499     1.65G   0.01063   0.07578   0.01177   0.09818      1174       640    0.5249    0.7425    0.5808    0.4854  0.006747    0.0676   0.01184
   380/499     1.65G   0.01094   0.07974    0.0117    0.1024      1047       640    0.5387    0.7457    0.5811    0.4797  0.006878   0.06882   0.01188
   381/499     1.65G   0.01098   0.07989   0.01193    0.1028       888       640    0.5172    0.7828     0.599    0.4994   0.00671    0.0653   0.01122
   382/499     1.65G   0.01089   0.07484   0.01162   0.09735      1285       640    0.5092      0.79    0.6041    0.4986  0.006828   0.06533   0.01103
   383/499     1.65G   0.01098   0.07605    0.0116   0.09863       913       640    0.5081    0.8156     0.605    0.5021   0.00683   0.06462   0.01103
   384/499     1.65G   0.01119   0.07544   0.01202   0.09865      1652       640    0.5178    0.8029    0.5972    0.4934  0.006865   0.06441   0.01135
   385/499     1.65G   0.01097   0.07672    0.0118   0.09949       779       640    0.5275    0.7396    0.5716    0.4734  0.006971   0.06643   0.01206
   386/499     1.65G    0.0104   0.07518   0.01157   0.09715      1298       640    0.5023    0.7868    0.5828    0.4831  0.006863   0.06657   0.01162
   387/499     1.65G   0.01012    0.0713   0.01142   0.09284      1022       640    0.4981    0.8049    0.5951    0.4926  0.006883    0.0659   0.01134
   388/499     1.65G   0.01031   0.07356   0.01146   0.09534       961       640     0.495    0.8062    0.5967    0.4948  0.006989   0.06839   0.01135
   389/499     1.65G   0.01145   0.08029    0.0118    0.1035       960       640    0.5001    0.8092    0.5984     0.497  0.006848   0.06902   0.01126
   390/499     1.65G   0.01056   0.07515   0.01171   0.09742      1135       640    0.5076    0.8128     0.605    0.5048  0.006762   0.06717    0.0111
   391/499     1.65G   0.01024   0.07933   0.01159    0.1012       980       640    0.5188    0.7814    0.6038    0.4958  0.006808   0.06658   0.01113
   392/499     1.65G   0.01038   0.07525   0.01143   0.09706      1360       640    0.5308    0.7662    0.6071    0.4967  0.006887   0.07075   0.01115
   393/499     1.65G   0.01082   0.07681   0.01151   0.09914      1069       640    0.5298    0.7678    0.6093    0.4988   0.00686   0.07509   0.01119
   394/499     1.65G   0.01119   0.08129   0.01154     0.104       586       640    0.5276    0.7589    0.6027    0.5029  0.006722   0.07021   0.01143
   395/499     1.65G   0.01075   0.07555   0.01157   0.09787      1034       640    0.5407     0.756    0.6084     0.505  0.006766   0.06653   0.01123
   396/499     1.65G   0.01091   0.07442   0.01159   0.09692       912       640    0.5247    0.8094    0.6247    0.5201  0.006708   0.06396   0.01082
   397/499     1.65G   0.01109   0.07552    0.0117   0.09831      1302       640    0.5161    0.8015    0.6182    0.5089    0.0069   0.06559     0.011
   398/499     1.65G   0.01099   0.07797   0.01175    0.1007       933       640    0.5216    0.7758    0.6004    0.4993  0.006712   0.06618   0.01147
   399/499     1.65G   0.01146   0.07601   0.01164   0.09911      1098       640    0.5227    0.7621    0.6052     0.504  0.006744    0.0672   0.01138
   400/499     1.65G   0.01129   0.07732   0.01157    0.1002      1291       640    0.5261     0.775    0.6109    0.5086  0.006756   0.06545   0.01118
   401/499     1.65G   0.01018   0.07342   0.01129   0.09489       845       640    0.5343    0.7624     0.606    0.4957   0.00692   0.06537   0.01123
   402/499     1.65G    0.0109   0.07621   0.01166   0.09877      1042       640    0.5284    0.7678    0.6116    0.5066  0.006758   0.06715   0.01125
   403/499     1.65G   0.01059   0.07083   0.01163   0.09305      1049       640     0.531    0.7221    0.5923    0.4882  0.006829   0.07198   0.01177
   404/499     1.65G   0.01118   0.07425   0.01159   0.09702       715       640    0.5254    0.7683    0.6045    0.5021   0.00676   0.06844   0.01145
   405/499     1.65G   0.01107   0.07431   0.01158   0.09696       829       640    0.5172    0.7904    0.6037    0.5035  0.006704   0.06338   0.01128
   406/499     1.65G   0.01061   0.07585   0.01154   0.09801      1538       640    0.5174    0.7703    0.5965     0.495  0.006674   0.06327   0.01146
   407/499     1.65G   0.01092   0.07733   0.01164    0.0999      1090       640    0.5238    0.7493    0.5986    0.4999  0.006701    0.0647   0.01153
   408/499     1.65G   0.01045   0.07584   0.01155   0.09783      1385       640    0.5183    0.7921     0.612    0.5106  0.006687   0.06353   0.01117
   409/499     1.65G   0.01075   0.07234   0.01141    0.0945      1435       640    0.5271    0.7714    0.6027    0.5031  0.006771   0.06382   0.01132
   410/499     1.65G   0.01127   0.07683   0.01167   0.09977      1381       640    0.5152     0.773    0.6129    0.5113  0.006626   0.06247   0.01115
   411/499     1.65G   0.01075   0.07556   0.01162   0.09793      1381       640    0.5125    0.7834    0.6111    0.5081  0.006673   0.06328   0.01116
   412/499     1.65G   0.01114   0.07725    0.0116   0.09999      1203       640     0.524    0.7828    0.6146    0.5035  0.006891   0.06472   0.01109
   413/499     1.65G   0.01077   0.07632   0.01159   0.09868       874       640    0.5214    0.7702    0.6092    0.5061  0.006784   0.06307   0.01123
   414/499     1.65G    0.0103    0.0739    0.0113    0.0955      1254       640    0.5439    0.7394    0.5971    0.4961  0.006838   0.06396   0.01145
   415/499     1.65G   0.01079   0.07541   0.01156   0.09776       773       640    0.5447    0.7161    0.5827    0.4873  0.006666   0.06346   0.01177
   416/499     1.65G   0.01061   0.07383   0.01164   0.09608       890       640    0.5012     0.766    0.5689    0.4715  0.006743   0.06608   0.01207
   417/499     1.65G   0.01106   0.07586   0.01154   0.09845      1434       640    0.5326    0.7166    0.5783    0.4832  0.006652   0.06562   0.01196
   418/499     1.65G   0.01105   0.07841   0.01155     0.101       779       640    0.5317    0.7953    0.6105      0.51  0.006637   0.06603   0.01132
   419/499     1.65G   0.01066   0.07284    0.0115     0.095      1387       640    0.5522    0.7415    0.6067    0.5087  0.006678   0.06681   0.01124
   420/499     1.65G   0.01067   0.07396   0.01131   0.09594       722       640    0.5403    0.7755     0.607    0.5071  0.006679   0.06629   0.01126
   421/499     1.65G   0.01092   0.07583   0.01152   0.09826      1402       640    0.5273    0.7912    0.6252    0.5212   0.00676   0.06711   0.01067
   422/499     1.65G   0.01053   0.07253   0.01151   0.09457       967       640    0.5167    0.8081    0.6211    0.5181  0.006679   0.06481   0.01089
   423/499     1.65G   0.01049   0.07508   0.01144   0.09702       860       640    0.5312    0.7855    0.6234    0.5205  0.006686   0.06358   0.01086
   424/499     1.65G    0.0108   0.07377   0.01148   0.09605       996       640     0.542    0.7246    0.6058    0.5053  0.006705   0.06546   0.01141
   425/499     1.65G  0.009627   0.07224   0.01122   0.09309      1142       640    0.5171    0.7673    0.6123    0.5105  0.006746   0.06615   0.01121
   426/499     1.65G   0.01074   0.07437   0.01142   0.09653      1415       640    0.5243    0.7852    0.6214    0.5196  0.006673   0.06591   0.01102
   427/499     1.65G   0.01067   0.07371   0.01136   0.09574      1210       640     0.532    0.7948    0.6358    0.5309  0.006652    0.0662   0.01061
   428/499     1.65G   0.01054   0.07095   0.01128   0.09277      1136       640    0.5356    0.7789     0.625    0.5236  0.006579   0.06804   0.01094
   429/499     1.65G   0.01088   0.07622   0.01138   0.09848       971       640    0.5356    0.7531    0.6096    0.5106  0.006615   0.06554   0.01121
   430/499     1.65G   0.01081   0.07511   0.01143   0.09735      1039       640    0.5296    0.7859      0.63     0.525  0.006724    0.0657   0.01064
   431/499     1.65G   0.01112   0.07653   0.01148   0.09913      1085       640     0.534    0.8017    0.6328    0.5218  0.006852   0.06548    0.0105
   432/499     1.65G   0.01005     0.076    0.0112   0.09725      1426       640    0.5474     0.767    0.6169    0.5096  0.006813   0.06471   0.01109
   433/499     1.65G   0.01081   0.07351   0.01144   0.09576       964       640    0.5416    0.7726    0.6222    0.5184  0.006735   0.06253   0.01094
   434/499     1.65G   0.01113   0.07658   0.01142   0.09912      1082       640     0.536    0.7887    0.6272    0.5176   0.00679    0.0646   0.01079
   435/499     1.65G   0.01083   0.07792    0.0114    0.1002      1147       640    0.5504    0.7458    0.6145    0.5129  0.006731   0.06455   0.01119
   436/499     1.65G   0.01088   0.07964   0.01154    0.1021       850       640    0.5262    0.7176     0.567    0.4725  0.006792    0.0678   0.01229
   437/499     1.65G   0.01146   0.07599   0.01149   0.09895      1002       640    0.5283    0.7441    0.5963    0.4973  0.006804   0.07519   0.01173
   438/499     1.65G   0.01059   0.07953   0.01129    0.1014      1196       640    0.5448    0.7388    0.6167    0.5149  0.006719   0.06841   0.01131
   439/499     1.65G   0.01122   0.07803   0.01138    0.1006      1281       640    0.5344    0.7843    0.6343    0.5271  0.006711   0.06545   0.01069
   440/499     1.65G    0.0101   0.07217   0.01112    0.0934      1099       640     0.533    0.7964    0.6372     0.529   0.00673   0.06561   0.01051
   441/499     1.65G   0.01017   0.07229   0.01111   0.09356      1255       640     0.538    0.7853    0.6285    0.5212  0.006755   0.06601   0.01087
   442/499     1.65G   0.01086   0.07351   0.01142   0.09579      1303       640    0.5349    0.7916    0.6355    0.5257  0.006763   0.06526   0.01063
   443/499     1.65G   0.01083   0.07376   0.01136   0.09594       809       640    0.5392      0.76    0.5987    0.5012  0.006654   0.06594   0.01158
   444/499     1.65G    0.0109   0.07717   0.01141   0.09949      1032       640    0.5366    0.7303    0.5649    0.4738  0.006761   0.06659    0.0125
   445/499     1.65G    0.0103   0.07298   0.01128   0.09457       648       640    0.5592    0.7262    0.6118    0.5112  0.006597   0.06235   0.01131
   446/499     1.65G   0.01071   0.07433   0.01122   0.09627      1330       640    0.5354    0.7794    0.6266    0.5197  0.006719   0.06191   0.01096
   447/499     1.65G   0.01113   0.07615   0.01144   0.09872      1077       640    0.5393     0.758    0.6216    0.5148  0.006727   0.06176   0.01112
   448/499     1.65G   0.01158   0.07799   0.01184    0.1014      1221       640    0.5469    0.7438    0.6176    0.5097  0.006712   0.06114   0.01128
   449/499     1.65G   0.01045   0.07518   0.01116   0.09679       976       640    0.5374    0.7518    0.6192     0.514   0.00668   0.06091   0.01126
   450/499     1.65G    0.0106   0.07334   0.01128   0.09522       887       640    0.5505     0.724     0.609    0.5087   0.00659   0.06069   0.01152
   451/499     1.65G   0.01074   0.07637   0.01124   0.09834      1190       640    0.5542    0.7634    0.6267    0.5226  0.006695    0.0633   0.01105
   452/499     1.65G   0.01074   0.07565   0.01131    0.0977       994       640    0.5696    0.7361    0.6357    0.5289  0.006813   0.06535   0.01086
   453/499     1.65G   0.01042   0.07347   0.01127   0.09516      1087       640     0.534     0.805    0.6369    0.5325  0.006693   0.06488   0.01078
   454/499     1.65G   0.01087    0.0751   0.01142    0.0974      1306       640    0.5465    0.7709    0.6316    0.5303  0.006657   0.06455   0.01084
   455/499     1.65G   0.01041   0.07345   0.01115     0.095      1133       640    0.5469     0.766    0.6291    0.5263  0.006609   0.06525   0.01082
   456/499     1.65G   0.01084   0.07661   0.01129   0.09874      1384       640    0.5435    0.7834    0.6291    0.5247  0.006661   0.06411   0.01076
   457/499     1.65G   0.01139   0.07183   0.01145   0.09467      1405       640    0.5358    0.7869    0.6296    0.5228  0.006671   0.06202   0.01079
   458/499     1.65G   0.01079   0.07802   0.01131    0.1001      1057       640    0.5423    0.7505    0.6067    0.5079  0.006545   0.06028   0.01148
   459/499     1.65G    0.0105   0.07589   0.01132   0.09771       903       640    0.5475    0.7267    0.5977    0.5022  0.006646   0.06248   0.01163
   460/499     1.65G   0.01066   0.07278   0.01122   0.09466       995       640    0.5369    0.7639    0.6153    0.5157  0.006588   0.06191    0.0111
   461/499     1.65G   0.01043   0.06994   0.01127   0.09163      1348       640    0.5368    0.8209     0.641    0.5369  0.006629   0.06218   0.01045
   462/499     1.65G    0.0101   0.07268   0.01111   0.09389       867       640    0.5474    0.8048     0.641    0.5371  0.006617   0.06307   0.01045
   463/499     1.65G   0.01062   0.07798   0.01124   0.09984      1010       640    0.5538    0.7953    0.6466    0.5415  0.006577   0.06169   0.01036
   464/499     1.65G   0.01071   0.07633   0.01132   0.09836      1284       640    0.5507     0.803    0.6418    0.5347  0.006625   0.06157   0.01053
   465/499     1.65G   0.01015   0.07258   0.01108   0.09381      1108       640    0.5575    0.7665    0.6334     0.527  0.006592   0.06193   0.01087
   466/499     1.65G   0.01011   0.07262   0.01119   0.09392       889       640    0.5554    0.7719    0.6364     0.534  0.006571   0.06227   0.01092
   467/499     1.65G   0.01107   0.07927   0.01129    0.1016      1096       640    0.5668    0.7388    0.6193    0.5212   0.00662   0.06322   0.01139
   468/499     1.65G   0.01088   0.07661   0.01127   0.09876      1136       640     0.565    0.7616    0.6311    0.5281  0.006576   0.06232   0.01105
   469/499     1.65G    0.0109   0.07584   0.01135   0.09809      1061       640    0.5578    0.7707    0.6403    0.5338   0.00667   0.06317    0.0107
   470/499     1.65G   0.01072   0.07386   0.01122   0.09581       799       640    0.5643    0.7491    0.6372    0.5323  0.006606   0.06243   0.01084
   471/499     1.65G    0.0106   0.07474   0.01122   0.09656      1190       640    0.5508    0.7849    0.6411    0.5342  0.006606   0.06175   0.01058
   472/499     1.65G   0.01056    0.0775   0.01127   0.09933       942       640    0.5387    0.7774    0.6335    0.5302  0.006622   0.06238   0.01089
   473/499     1.65G   0.01057   0.07399   0.01136   0.09592       853       640    0.5636    0.7077    0.6058    0.5085  0.006603   0.06284   0.01171
   474/499     1.65G   0.01014   0.07166   0.01109    0.0929       759       640    0.5619    0.7374    0.6079     0.505  0.006661   0.06607   0.01164
   475/499     1.65G   0.01093   0.07547    0.0112    0.0976      1283       640    0.5554    0.7679    0.6219     0.522  0.006562   0.06558   0.01115
   476/499     1.65G   0.01048   0.07374   0.01117   0.09539      1011       640    0.5419    0.7952    0.6359    0.5305   0.00657    0.0637   0.01072
   477/499     1.65G   0.01082    0.0755   0.01124   0.09756       848       640    0.5562    0.7722     0.642    0.5394   0.00652   0.06253   0.01053
   478/499     1.65G   0.01109   0.07672   0.01137   0.09918       981       640    0.5704    0.7369    0.6282    0.5272  0.006542   0.06241   0.01097
   479/499     1.65G   0.01083   0.07462   0.01126    0.0967      1179       640    0.5685    0.7304    0.6267     0.526  0.006601   0.06321   0.01098
   480/499     1.65G   0.01002   0.07154   0.01113   0.09269      1039       640    0.5434    0.7883    0.6358    0.5329  0.006582   0.06262   0.01075
   481/499     1.65G   0.01088   0.07373   0.01124   0.09585      1301       640    0.5373    0.7997    0.6449    0.5387  0.006638   0.06398   0.01044
   482/499     1.65G   0.01089   0.07433   0.01118    0.0964      1158       640    0.5601    0.7761    0.6474    0.5425  0.006607    0.0633   0.01044
   483/499     1.65G  0.009734   0.07166   0.01097   0.09236       970       640    0.5498     0.798    0.6528    0.5421  0.006691    0.0643   0.01027
   484/499     1.65G   0.01078   0.07646   0.01121   0.09845      1149       640    0.5535    0.7823     0.644    0.5406  0.006587   0.06306   0.01058
   485/499     1.65G   0.01049   0.07136   0.01106   0.09291       984       640    0.5506    0.7698    0.6342    0.5309  0.006554   0.06131   0.01088
   486/499     1.65G   0.01035   0.07066   0.01117   0.09218      1069       640     0.561    0.7606    0.6409    0.5359  0.006593   0.06086   0.01063
   487/499     1.65G   0.01086   0.07154   0.01124   0.09363      1006       640    0.5687    0.7513    0.6453    0.5368  0.006648   0.06169   0.01059
   488/499     1.65G   0.01097   0.07364   0.01123   0.09583      1163       640    0.5629    0.7642    0.6409    0.5354  0.006599   0.06168   0.01083
   489/499     1.65G   0.01046   0.07403   0.01116   0.09564      1183       640     0.572    0.7235    0.6268    0.5234   0.00657   0.06239   0.01113
   490/499     1.65G   0.01081   0.07425   0.01121   0.09626      1057       640    0.5691    0.7515    0.6399    0.5357  0.006551   0.06269   0.01075
   491/499     1.65G   0.01057    0.0727   0.01112   0.09438      1054       640    0.5539    0.7875    0.6463     0.542  0.006556   0.06322   0.01057
   492/499     1.65G  0.009937   0.07082   0.01084   0.09159      1020       640    0.5682     0.773    0.6528    0.5442  0.006625   0.06272   0.01046
   493/499     1.65G   0.01017   0.07436   0.01117    0.0957      1275       640    0.5708    0.7726    0.6504    0.5421  0.006597   0.06239   0.01051
   494/499     1.65G   0.01068   0.07903   0.01129     0.101      1251       640     0.557    0.7845     0.645    0.5397  0.006552   0.06222   0.01048
   495/499     1.65G    0.0105   0.07677   0.01128   0.09855      1301       640    0.5365    0.8174     0.646    0.5379  0.006668   0.06397   0.01037
   496/499     1.65G   0.01073   0.07384   0.01144   0.09601      1070       640    0.5518    0.7828    0.6385    0.5337  0.006685   0.06648   0.01069
   497/499     1.65G     0.011   0.07365   0.01132   0.09598      1057       640    0.5588     0.771    0.6396    0.5325   0.00678   0.06876   0.01088
   498/499     1.65G   0.01038   0.07591    0.0111   0.09738      1107       640    0.5592    0.7864    0.6534     0.546  0.006663   0.06859   0.01047
   499/499     1.65G   0.01037   0.07124   0.01107   0.09268      1385       640    0.5616    0.7999    0.6554     0.551  0.006586    0.0652   0.01035
