     0/499     1.83G   0.04697   0.09728   0.01964    0.1639      1092       640         0         0         0         0   0.04682    0.0896   0.01955
     1/499     1.64G   0.04674   0.08009   0.01947    0.1463       998       640   0.00264  0.005175 5.612e-05  1.08e-05   0.04616   0.07579   0.01956
     2/499     1.64G   0.04597   0.07589   0.01925    0.1411      1379       640  0.007187    0.0253 0.0004178 7.232e-05   0.04455   0.08184   0.01957
     3/499     1.65G   0.04394   0.08179   0.01904    0.1448      1126       640   0.01732   0.05288  0.001701  0.000266   0.04237   0.09371   0.01916
     4/499     1.65G   0.04056   0.09248   0.01872    0.1518      1426       640   0.05605    0.1988   0.02359  0.004823   0.03544    0.1211   0.01896
     5/499     1.65G   0.03645    0.1117   0.01845    0.1666      1469       640   0.07151    0.3085    0.0483   0.01351   0.02984    0.1394   0.01849
     6/499     1.65G   0.03246    0.1243   0.01812    0.1749      1147       640   0.07177    0.2842   0.03355  0.006288   0.02722    0.1528    0.0183
     7/499     1.65G   0.03034    0.1284    0.0179    0.1766      1283       640   0.07484     0.257   0.02839  0.006095   0.02722    0.1646   0.01815
     8/499     1.65G   0.02821    0.1427   0.01798    0.1889      1032       640    0.1125    0.2621   0.04401   0.01138   0.02528    0.1673   0.01817
     9/499     1.65G   0.02817    0.1439   0.01791      0.19      1214       640   0.05691    0.1598   0.01436  0.002418   0.02647    0.1661   0.01814
    10/499     1.65G   0.02619    0.1385   0.01784    0.1826      1273       640   0.09332    0.2765   0.03696   0.00901   0.02342    0.1731   0.01813
    11/499     1.65G   0.02828    0.1512    0.0178    0.1973      1622       640    0.1257    0.4411   0.08067   0.02471   0.02025    0.1732   0.01807
    12/499     1.65G   0.02659     0.139   0.01785    0.1834      1043       640    0.1025    0.3184   0.04412  0.009135   0.02167    0.1838   0.01811
    13/499     1.65G   0.02641    0.1347   0.01784    0.1789      1141       640      0.14    0.4186   0.07723   0.01802   0.02046    0.1793   0.01808
    14/499     1.65G   0.02507    0.1413   0.01777    0.1841      1066       640    0.1335    0.4136   0.07471   0.02603   0.01834    0.2235   0.01806
    15/499     1.65G   0.02653    0.1426    0.0178    0.1869      1322       640   0.06848    0.2201   0.02417   0.00377   0.02603    0.2023   0.01797
    16/499     1.65G   0.02961    0.1597    0.0178    0.2071      1333       640    0.1108     0.412    0.0766   0.02631   0.02731     0.154   0.01805
    17/499     1.65G   0.02427    0.1358   0.01778    0.1778      1110       640    0.1472     0.457   0.09141   0.02928   0.01953    0.1641     0.018
    18/499     1.65G   0.02312    0.1333   0.01774    0.1742       939       640    0.1413    0.4194   0.08484   0.01709   0.02017    0.1986   0.01796
    19/499     1.65G   0.02358    0.1288   0.01774    0.1702      1032       640    0.1508    0.4503    0.0816   0.02982     0.017    0.1679   0.01788
    20/499     1.65G   0.02615    0.2251   0.01776     0.269      1464       640    0.1261    0.4276   0.08598   0.02327    0.0218    0.3489   0.01789
    21/499     1.65G   0.02561    0.2124   0.01785    0.2558       982       640   0.08172    0.2722   0.03993  0.006764   0.02394     0.193   0.01812
    22/499     1.65G     0.028    0.1582   0.01808    0.2043       925       640   0.09581    0.2584   0.03683  0.009142   0.02204    0.1982   0.01811
    23/499     1.65G   0.02427    0.1302   0.01791    0.1724       998       640    0.1333    0.3592   0.06203   0.01603   0.02043    0.1968   0.01807
    24/499     1.65G   0.02512    0.1933   0.01792    0.2363       889       640   0.08354    0.2842   0.04186  0.009134   0.02612    0.2005   0.01898
    25/499     1.65G   0.02662    0.1941   0.01796    0.2386      1034       640   0.09176    0.3071    0.0399   0.01009   0.02473    0.1945   0.01881
    26/499     1.65G   0.02448    0.1573   0.01802    0.1998       776       640   0.08792    0.2377   0.02687   0.00505   0.02513    0.2192   0.01847
    27/499     1.65G   0.02688    0.1547   0.01805    0.1996      1318       640   0.04813    0.1937   0.01846   0.00303   0.03047    0.2245   0.01814
    28/499     1.65G   0.02676    0.1238   0.01797    0.1685      1217       640     0.106    0.3721   0.06372   0.01131   0.02544     0.217   0.01807
    29/499     1.65G   0.02435    0.1234   0.01795    0.1657      1093       640   0.08328     0.338   0.04891  0.007579   0.02536    0.2326   0.01796
    30/499     1.65G   0.02646    0.1408   0.01785    0.1851      1265       640   0.09854    0.3884   0.07197   0.01613   0.02477     0.187   0.01767
    31/499     1.65G   0.02352     0.134   0.01784    0.1754       882       640   0.08246    0.3718   0.06337   0.01882   0.01951    0.1944   0.01798
    32/499     1.65G   0.02246    0.1274   0.01781    0.1677      1444       640   0.09668    0.4215   0.07817    0.0215   0.01967    0.1946   0.01794
    33/499     1.65G   0.02149    0.1272   0.01783    0.1665      1112       640    0.1121     0.449   0.09302   0.02287   0.02232    0.2083   0.01766
    34/499     1.65G   0.02216    0.1277   0.01774    0.1676      1010       640     0.151    0.4378    0.1014   0.03462   0.02249    0.2038   0.01739
    35/499     1.65G   0.02208    0.1278   0.01771    0.1676      1098       640    0.1067    0.4814    0.1019   0.04608   0.01713    0.1722   0.01774
    36/499     1.65G   0.02012    0.1291   0.01774     0.167       640       640    0.1162    0.4715    0.1128   0.05323   0.01784    0.1951   0.01747
    37/499     1.65G   0.02136    0.1261   0.01769    0.1651      1071       640    0.2531    0.4806    0.1089   0.04462   0.01748    0.1717   0.01764
    38/499     1.65G   0.02174    0.1217   0.01768    0.1611      1179       640    0.1102    0.4818   0.09848   0.04688   0.01573    0.1606   0.01779
    39/499     1.65G   0.01992    0.1176   0.01766    0.1552      1243       640    0.1107    0.4889    0.1071   0.05641   0.01556    0.1657   0.01762
    40/499     1.65G     0.019    0.1183   0.01764    0.1549      1031       640     0.126    0.4621   0.08474   0.03799   0.01546    0.1578   0.01786
    41/499     1.65G   0.01997    0.1322   0.01765    0.1699       928       640    0.1489    0.4256   0.08911   0.04888   0.01935    0.2099   0.01738
    42/499     1.65G   0.01975    0.1294   0.01764    0.1667      1223       640      0.12    0.4906    0.1053   0.05241   0.01652    0.1889   0.01747
    43/499     1.65G    0.0203    0.1307   0.01757    0.1686       998       640    0.1138    0.4662    0.1013   0.03316   0.01772    0.1753   0.01759
    44/499     1.65G   0.01893    0.1275   0.01753    0.1639       993       640     0.118    0.4905    0.1034   0.06066   0.01379    0.1592   0.01763
    45/499     1.65G   0.01803    0.1184    0.0176    0.1541      1131       640     0.125    0.4797    0.0944   0.05063   0.01446     0.159   0.01767
    46/499     1.65G   0.01866    0.1205   0.01762    0.1567      1326       640    0.1193    0.4917    0.1142   0.06741    0.0142    0.1663   0.01738
    47/499     1.65G   0.01938     0.114   0.01757     0.151      1340       640    0.1233    0.5004    0.1105   0.07052   0.01276    0.1464   0.01763
    48/499     1.65G   0.01937    0.1156   0.01753    0.1525      1172       640    0.1334    0.4811   0.09426   0.05286   0.01464    0.1599   0.01767
    49/499     1.65G   0.01895    0.1191   0.01755    0.1556      1309       640    0.1334    0.4966    0.1031   0.06807   0.01181    0.1385   0.01767
    50/499     1.65G   0.01702    0.1108   0.01758    0.1454      1248       640    0.1199    0.4931    0.1112   0.07056   0.01283    0.1756   0.01743
    51/499     1.65G   0.01822    0.1175    0.0175    0.1533      1283       640    0.1254    0.4911     0.109   0.07151   0.01262    0.1488   0.01754
    52/499     1.65G   0.01744    0.1164    0.0176    0.1515       997       640    0.1231     0.458     0.103   0.06504   0.01496    0.1832   0.01726
    53/499     1.65G    0.0193    0.1204   0.01749    0.1572      1316       640    0.1239    0.4974    0.1117   0.06522   0.01354    0.1556   0.01743
    54/499     1.65G   0.01843    0.1161   0.01749     0.152      1149       640    0.1214    0.4897    0.1066   0.06764   0.01327    0.1631   0.01748
    55/499     1.65G   0.01688    0.1121    0.0175    0.1465      1068       640    0.1391    0.5124    0.1124   0.07693   0.01168    0.1369   0.01749
    56/499     1.65G   0.01889     0.112   0.01749    0.1483      1051       640     0.125    0.4898    0.1117   0.07283   0.01329    0.1708    0.0172
    57/499     1.65G   0.01794    0.1079   0.01753    0.1434      1269       640    0.1409    0.5058    0.1104     0.071   0.01209    0.1443   0.01751
    58/499     1.65G   0.01706    0.1138   0.01752    0.1484       983       640    0.1369    0.4875     0.102   0.06556   0.01236    0.1361   0.01769
    59/499     1.65G   0.01782    0.1093   0.01745    0.1446      1173       640    0.1317    0.4986    0.1053   0.06841   0.01258    0.1533   0.01752
    60/499     1.65G   0.01918    0.1121   0.01747    0.1488      1243       640    0.1293    0.5007    0.1079   0.06747   0.01297    0.1353   0.01753
    61/499     1.65G   0.01755    0.1128   0.01747    0.1478      1598       640    0.1338    0.4802   0.09366   0.06177   0.01107    0.1247   0.01773
    62/499     1.65G    0.0178    0.1116   0.01743    0.1469       998       640    0.1456    0.4905   0.09615   0.06534   0.01156    0.1338   0.01768
    63/499     1.65G   0.01903    0.1119   0.01743    0.1484       913       640    0.1473    0.5236    0.1214   0.08137   0.01123    0.1303   0.01747
    64/499     1.65G   0.01677    0.1068   0.01745     0.141      1006       640    0.1437     0.529    0.1224   0.08288   0.01158    0.1362   0.01729
    65/499     1.65G    0.0169    0.1144   0.01744    0.1488      1265       640     0.148    0.5055    0.1095   0.07534   0.01046    0.1164   0.01769
    66/499     1.65G   0.01638    0.1051   0.01749     0.139      1037       640    0.1432    0.4989     0.109    0.0749   0.01038    0.1163   0.01768
    67/499     1.65G   0.01666    0.1097   0.01748    0.1438      1244       640    0.1395    0.5105    0.1149   0.08244    0.0109    0.1207   0.01757
    68/499     1.65G   0.01687     0.109   0.01745    0.1433       984       640    0.1468    0.5143    0.1095    0.0686   0.01151    0.1244   0.01765
    69/499     1.65G   0.01561     0.108   0.01745     0.141       966       640    0.1514    0.5127    0.1119   0.07914   0.01068    0.1166   0.01762
    70/499     1.65G   0.01694    0.1135    0.0174    0.1478      1320       640    0.1365    0.4362   0.09328   0.06257   0.01355    0.1741   0.01706
    71/499     1.65G   0.01792     0.115   0.01739    0.1503      1078       640    0.1473    0.5335    0.1207   0.07823   0.01253    0.1581   0.01718
    72/499     1.65G   0.01723    0.1111   0.01741    0.1458      1179       640    0.1525    0.5278    0.1215    0.0857   0.01049    0.1173   0.01754
    73/499     1.65G   0.01612      0.11   0.01746    0.1436      1113       640    0.1628    0.5316    0.1312   0.09088   0.01134    0.1225   0.01736
    74/499     1.65G   0.01636     0.106   0.01744    0.1398      1108       640    0.1589    0.5147    0.1134   0.07877   0.01046    0.1154   0.01764
    75/499     1.65G   0.01718    0.1058   0.01737    0.1404       990       640    0.1525    0.5066    0.1074   0.06842   0.01176    0.1454   0.01764
    76/499     1.65G   0.01592    0.1072    0.0174    0.1405      1143       640    0.1624    0.5406     0.122   0.08993  0.009937    0.1279   0.01758
    77/499     1.65G   0.01641    0.1134   0.01739    0.1472      1038       640    0.1541     0.523     0.112   0.06165   0.01367    0.1614   0.01759
    78/499     1.65G    0.0173    0.1161   0.01739    0.1508       735       640    0.1668    0.5282    0.1199   0.08817  0.009937    0.1198   0.01759
    79/499     1.65G   0.01682     0.106   0.01738    0.1402      1178       640    0.1602    0.5332    0.1169   0.07703   0.01062    0.1256   0.01764
    80/499     1.65G   0.01489     0.102   0.01736    0.1342       819       640    0.1783    0.5363    0.1282   0.09353  0.009891    0.1114   0.01758
    81/499     1.65G   0.01565     0.102   0.01739     0.135       881       640    0.1645    0.5277    0.1203   0.08601  0.009875    0.1096   0.01763
    82/499     1.65G   0.01594    0.1091   0.01733    0.1424      1096       640    0.1621    0.5155    0.1148   0.08435  0.009855    0.1111   0.01762
    83/499     1.65G   0.01659     0.103   0.01738     0.137      1770       640    0.1621    0.5174    0.1153   0.08649  0.009347    0.1083   0.01763
    84/499     1.65G   0.01551    0.1038   0.01736    0.1367      1152       640    0.1642    0.5293    0.1155   0.08584  0.009997    0.1171   0.01758
    85/499     1.65G   0.01551     0.103   0.01737    0.1358      1206       640    0.1687    0.5509    0.1256   0.08519   0.01056    0.1131   0.01756
    86/499     1.65G   0.01542    0.1036   0.01733    0.1363      1344       640    0.1701    0.5498    0.1302   0.09748  0.009496    0.1048   0.01753
    87/499     1.65G   0.01473    0.1012   0.01735    0.1333       906       640    0.1901    0.5673    0.1443    0.1011  0.009761    0.1046   0.01754
    88/499     1.65G    0.0165    0.1016   0.01728    0.1354       951       640    0.1817    0.5362    0.1284   0.09582  0.009425    0.1018   0.01758
    89/499     1.65G   0.01534    0.1005   0.01734    0.1332       961       640    0.1814    0.5252    0.1281   0.09559  0.009054   0.09904   0.01762
    90/499     1.65G   0.01491   0.09838   0.01737    0.1307       956       640    0.2021    0.5833    0.1635    0.1182  0.009506    0.1028   0.01745
    91/499     1.65G   0.01599    0.1036   0.01732    0.1369      1026       640    0.1684    0.5279    0.1168   0.08229    0.0101    0.1033   0.01766
    92/499     1.65G   0.01618    0.1059   0.01729    0.1394      1198       640    0.2035    0.5963    0.1638    0.1184  0.009455    0.1012   0.01741
    93/499     1.65G   0.01482    0.1029    0.0173     0.135       962       640    0.1985    0.5946    0.1608    0.1231  0.009143    0.1002   0.01744
    94/499     1.65G   0.01425    0.1008   0.01723    0.1323       934       640    0.1737    0.5458    0.1302    0.0941  0.009386    0.1012   0.01759
    95/499     1.65G   0.01697    0.1044    0.0172    0.1386       735       640    0.1832    0.5723    0.1472    0.0948   0.01106    0.1158   0.01748
    96/499     1.65G   0.01657    0.1072   0.01726     0.141      1092       640    0.1844    0.5775    0.1409    0.1057   0.00903    0.1019   0.01759
    97/499     1.65G   0.01527   0.09834   0.01722    0.1308      1671       640    0.2001    0.5966    0.1579    0.1141  0.009206    0.1012   0.01749
    98/499     1.65G   0.01405   0.09809   0.01723    0.1294       882       640    0.1837    0.5453    0.1353     0.104  0.008955   0.09504   0.01755
    99/499     1.65G   0.01369    0.0982    0.0172    0.1291      1022       640     0.177    0.5086    0.1184   0.08997   0.00904   0.09377   0.01763
   100/499     1.65G   0.01551    0.1056    0.0172    0.1383       772       640    0.2015     0.611    0.1703    0.1301  0.008762   0.09385   0.01744
   101/499     1.65G   0.01408   0.09545   0.01727    0.1268      1412       640    0.2006    0.5875    0.1526    0.1167  0.008838   0.09213   0.01751
   102/499     1.65G   0.01542   0.09879    0.0171    0.1313       720       640    0.2164    0.6136    0.1956    0.1294  0.009958    0.1053   0.01733
   103/499     1.65G    0.0165    0.1005   0.01709    0.1341      1408       640    0.2177    0.6355    0.1896    0.1292    0.0102    0.0967   0.01739
   104/499     1.65G   0.01581    0.1058   0.01708    0.1387      1084       640      0.19    0.5907      0.15    0.1101  0.009156   0.09401   0.01752
   105/499     1.65G   0.01432    0.1044   0.01714    0.1358      1018       640    0.1878    0.5755    0.1437    0.1045  0.009576   0.09531   0.01752
   106/499     1.65G   0.01551    0.1045   0.01711    0.1371      1576       640    0.2222    0.6125    0.1899    0.1437  0.008508   0.09272   0.01742
   107/499     1.65G   0.01341   0.09604   0.01714    0.1266       706       640    0.2099     0.593    0.1628    0.1209  0.008727   0.09321   0.01746
   108/499     1.65G   0.01461   0.09894   0.01714    0.1307      1215       640    0.2119    0.6031     0.168    0.1289  0.008842    0.0924   0.01744
   109/499     1.65G   0.01431   0.09617   0.01712    0.1276      1103       640    0.2066    0.6148    0.1694    0.1263  0.008837   0.09594   0.01746
   110/499     1.65G   0.01407   0.09177   0.01711     0.123       915       640    0.2207    0.6156    0.1742    0.1299  0.009267   0.09485   0.01742
   111/499     1.65G   0.01501    0.1001   0.01712    0.1322       784       640    0.2119    0.5797    0.1522    0.1072  0.009718   0.09463   0.01751
   112/499     1.65G   0.01511    0.1034   0.01708    0.1356      1083       640    0.2187    0.6413     0.183    0.1388  0.008601   0.09317   0.01739
   113/499     1.65G    0.0147   0.09678    0.0171    0.1286      1129       640    0.2002    0.5973    0.1546    0.1142  0.008982   0.09749   0.01747
   114/499     1.65G   0.01477   0.09494   0.01707    0.1268      1070       640    0.1889    0.5772    0.1451    0.1051  0.009201    0.1016   0.01749
   115/499     1.65G   0.01697    0.1016   0.01698    0.1355      1228       640    0.1872    0.5882    0.1485     0.116   0.00822   0.09405   0.01745
   116/499     1.65G   0.01436   0.09705   0.01703    0.1284       730       640    0.2168    0.6429    0.1861    0.1446  0.008375   0.08799   0.01729
   117/499     1.65G   0.01325   0.09664   0.01704    0.1269      1070       640    0.2231    0.6522    0.2009    0.1457  0.009119   0.09409    0.0173
   118/499     1.65G   0.01489   0.09954   0.01703    0.1315      1090       640    0.2261    0.6028    0.2088    0.1606  0.008495   0.09551   0.01731
   119/499     1.65G   0.01424   0.09753   0.01703    0.1288       774       640    0.2166     0.673     0.198    0.1503  0.008539   0.09447   0.01737
   120/499     1.65G   0.01434   0.09718   0.01696    0.1285      1069       640    0.2371    0.6425     0.221    0.1598  0.009069   0.09801   0.01724
   121/499     1.65G   0.01347   0.09125   0.01705    0.1218      1343       640    0.2221    0.6398    0.1909     0.143  0.008537   0.08939   0.01733
   122/499     1.65G     0.015    0.1032   0.01692    0.1351       884       640    0.2291    0.6182    0.1991    0.1482  0.008831    0.1008   0.01732
   123/499     1.65G   0.01541   0.09921   0.01692    0.1315      1185       640    0.2333    0.6578    0.2143    0.1662  0.008248   0.08692   0.01719
   124/499     1.65G    0.0153   0.09938   0.01684    0.1315       917       640    0.2125    0.6432    0.1808    0.1335  0.008737   0.09246   0.01733
   125/499     1.65G   0.01501   0.09843   0.01699    0.1304      1652       640    0.2402    0.6241    0.2197    0.1605  0.008724   0.09643   0.01719
   126/499     1.65G   0.01296   0.09535   0.01699    0.1253       933       640     0.236    0.6448    0.2099    0.1601  0.008231   0.08666   0.01724
   127/499     1.65G    0.0141   0.09318   0.01687    0.1241       913       640    0.2236    0.6928    0.2055     0.147  0.009196   0.09195   0.01722
   128/499     1.65G   0.01455   0.09861   0.01688      0.13       886       640    0.2424    0.6847    0.2325    0.1783   0.00831   0.08649   0.01711
   129/499     1.65G   0.01489   0.09459   0.01686    0.1263      1037       640    0.2342    0.6412    0.2072    0.1457  0.009547   0.09178    0.0172
   130/499     1.65G   0.01338   0.09711   0.01679    0.1273      1376       640    0.2166    0.6344     0.179    0.1391  0.008661   0.08981   0.01728
   131/499     1.65G   0.01427   0.09417   0.01683    0.1253      1010       640    0.3754    0.6429    0.2018    0.1571  0.008176   0.08463   0.01721
   132/499     1.65G   0.01339   0.09536   0.01688    0.1256       972       640    0.2222    0.6952    0.2038    0.1549  0.008288   0.09719   0.01718
   133/499     1.65G   0.01361   0.09065   0.01687    0.1211      1024       640    0.3008    0.6628    0.2099    0.1604  0.008233   0.08351   0.01718
   134/499     1.65G   0.01522   0.09745   0.01679    0.1295       946       640     0.235    0.6725    0.2103    0.1594  0.008359   0.09596   0.01722
   135/499     1.65G   0.01483   0.09599   0.01677    0.1276      1259       640    0.2393    0.6813    0.2275    0.1634  0.008705   0.08484   0.01713
   136/499     1.65G   0.01441   0.09919   0.01679    0.1304       766       640    0.2463     0.641    0.2345    0.1802  0.008133   0.09198    0.0171
   137/499     1.65G    0.0138    0.1001   0.01673    0.1307      1309       640    0.2964    0.6842    0.2168    0.1683  0.008174   0.08746   0.01708
   138/499     1.65G   0.01372   0.08953   0.01675      0.12      1338       640    0.2709    0.7011    0.2291    0.1751  0.008223   0.08434   0.01704
   139/499     1.65G   0.01334   0.09269   0.01676    0.1228      1486       640     0.326    0.6987    0.2233    0.1639  0.008687   0.08488   0.01704
   140/499     1.65G   0.01378   0.09885   0.01679    0.1294      1173       640    0.2719    0.6902    0.2193    0.1657  0.008599   0.08612   0.01706
   141/499     1.65G    0.0149   0.09764   0.01663    0.1292       837       640    0.2684    0.7013    0.2213    0.1696  0.008481   0.08516   0.01703
   142/499     1.65G   0.01382   0.09165   0.01661    0.1221      1087       640     0.236    0.6747    0.2194    0.1688  0.008143   0.08539   0.01707
   143/499     1.65G    0.0134   0.09074   0.01661    0.1208      1377       640    0.3026    0.6862    0.2151    0.1629  0.008173   0.08401   0.01701
   144/499     1.65G   0.01325   0.09222   0.01668    0.1222      1002       640    0.2787    0.6606    0.2252    0.1706  0.008492   0.08347   0.01696
   145/499     1.65G   0.01445   0.09238   0.01662    0.1235      1469       640     0.289    0.7261    0.2435    0.1856  0.008443   0.08179   0.01698
   146/499     1.65G   0.01328   0.09304   0.01658    0.1229      1446       640    0.2439     0.682    0.2358    0.1782  0.008392   0.08411   0.01695
   147/499     1.65G   0.01452   0.09427   0.01646    0.1252       938       640    0.2288    0.6738    0.2091    0.1577  0.008002   0.08455   0.01703
   148/499     1.65G   0.01409   0.09556   0.01647    0.1261      1136       640    0.2623    0.6651    0.2125    0.1668  0.008047   0.08079   0.01701
   149/499     1.65G   0.01426   0.09512   0.01641    0.1258       918       640    0.3021    0.7151    0.2329    0.1783  0.008045   0.08566   0.01687
   150/499     1.65G   0.01402   0.09047   0.01642    0.1209      1094       640    0.2901    0.7269    0.2396    0.1872  0.008061   0.07914   0.01686
   151/499     1.65G   0.01412   0.09335   0.01636    0.1238       710       640    0.3271    0.7383    0.2426    0.1879  0.007964   0.08071   0.01676
   152/499     1.65G   0.01473   0.09253   0.01635    0.1236      1268       640    0.2838    0.7429    0.2493    0.1826  0.008718   0.08419   0.01676
   153/499     1.65G   0.01415   0.09116   0.01626    0.1216      1324       640    0.2812    0.7336    0.2426    0.1838   0.00817    0.0817   0.01675
   154/499     1.65G   0.01439   0.09146   0.01631    0.1222      1017       640    0.2406    0.6868    0.2375    0.1808  0.008042   0.08402   0.01666
   155/499     1.65G   0.01368   0.08859   0.01627    0.1185      1732       640    0.2862     0.772    0.2676     0.202  0.008408   0.08214   0.01654
   156/499     1.65G   0.01382   0.09554   0.01623    0.1256      1313       640    0.2776    0.7286    0.2436     0.191  0.007988   0.07852   0.01672
   157/499     1.65G   0.01285   0.09361    0.0162    0.1227      1420       640    0.2819    0.7379    0.2575    0.1966  0.008095   0.08002   0.01657
   158/499     1.65G   0.01308   0.09533   0.01622    0.1246       838       640    0.3005    0.7755    0.2745    0.2081  0.008284   0.07919   0.01644
   159/499     1.65G   0.01354   0.09006   0.01625    0.1198      1253       640    0.2746    0.6991    0.2332    0.1816  0.008064    0.0792   0.01679
   160/499     1.65G    0.0135   0.09138    0.0162    0.1211       975       640     0.282    0.7338    0.2526    0.1972  0.008187   0.08222   0.01665
   161/499     1.65G   0.01401   0.09216   0.01609    0.1223      1066       640    0.2374    0.7243    0.2452    0.1905  0.008101   0.08522   0.01651
   162/499     1.65G   0.01439   0.09138   0.01621     0.122      1311       640    0.3013    0.7337    0.2575    0.1974  0.008154   0.08105   0.01642
   163/499     1.65G   0.01465    0.0952   0.01605    0.1259      1346       640    0.2763    0.7307     0.253    0.1884  0.008356   0.09058   0.01647
   164/499     1.65G   0.01296   0.09031   0.01602    0.1193       733       640    0.2777    0.7476    0.2488    0.1916  0.008167   0.07716    0.0166
   165/499     1.65G   0.01455   0.09263     0.016    0.1232      1481       640    0.2842     0.788    0.2686     0.207  0.007965   0.07933   0.01621
   166/499     1.65G   0.01399   0.09089   0.01592    0.1208      1468       640    0.2867    0.7979    0.2803    0.2208  0.007782   0.07946   0.01612
   167/499     1.65G   0.01351   0.08708   0.01588    0.1165       970       640    0.2907    0.7993    0.2927    0.2287  0.008051   0.07689   0.01617
   168/499     1.65G   0.01398   0.08893   0.01585    0.1188      1371       640     0.286    0.7999    0.2835    0.2148  0.008135    0.0782   0.01617
   169/499     1.65G   0.01365    0.0896   0.01591    0.1192      1176       640    0.2832    0.7921    0.2784    0.2154  0.007869   0.07624   0.01614
   170/499     1.65G     0.013    0.0906   0.01584    0.1194       784       640    0.2907    0.8134    0.2921    0.2228  0.008204   0.07694   0.01613
   171/499     1.65G   0.01357   0.09002   0.01583    0.1194      1006       640    0.2909    0.7989    0.2873    0.2225  0.007871   0.07854   0.01595
   172/499     1.65G   0.01351    0.0904   0.01576    0.1197      1166       640    0.2909    0.7963    0.2933    0.2266  0.008246   0.07583   0.01609
   173/499     1.65G   0.01453    0.0913   0.01575    0.1216       740       640    0.2904    0.8173    0.2939    0.2306  0.007775   0.07518   0.01598
   174/499     1.65G    0.0141   0.09023   0.01577    0.1201      1189       640    0.2842    0.7988    0.2775    0.2101   0.00826   0.08078   0.01613
   175/499     1.65G   0.01451   0.09475   0.01576     0.125      1172       640    0.2764    0.7711    0.2623    0.2087  0.007663   0.08333   0.01607
   176/499     1.65G   0.01351   0.08897   0.01569    0.1182       901       640    0.2904    0.8092     0.286    0.2099  0.008451   0.08092   0.01606
   177/499     1.65G   0.01483   0.09661   0.01572    0.1272      1073       640    0.2966    0.8233    0.3087    0.2425  0.007965   0.07507   0.01568
   178/499     1.65G    0.0142    0.0948    0.0158    0.1248      1595       640    0.2935     0.828    0.3051    0.2216  0.009107   0.08239   0.01583
   179/499     1.65G   0.01316   0.08676    0.0158    0.1157      1241       640     0.292    0.7994    0.2888    0.2215  0.008294   0.08004   0.01613
   180/499     1.65G   0.01257   0.08324   0.01581    0.1116      1013       640    0.2917    0.8096     0.295    0.2254  0.007996   0.07969   0.01594
   181/499     1.65G   0.01212    0.0859   0.01573    0.1138      1246       640    0.2864     0.792    0.2963    0.2326  0.007898   0.07918   0.01589
   182/499     1.65G   0.01312    0.0903   0.01559     0.119      1216       640     0.287    0.8222    0.3011    0.2243  0.008212   0.07963   0.01581
   183/499     1.65G   0.01334   0.08973   0.01562    0.1187      1239       640    0.2903    0.7908     0.292    0.2272  0.007798   0.07778   0.01585
   184/499     1.65G   0.01388   0.09187   0.01557    0.1213      1726       640    0.2916    0.8242    0.3147    0.2505  0.007887   0.07244   0.01566
   185/499     1.65G   0.01295   0.09953   0.01553     0.128       962       640    0.2907    0.8142    0.3086    0.1942  0.009647   0.08848    0.0156
   186/499     1.65G   0.01363   0.09146   0.01559    0.1207       981       640    0.2864    0.7991    0.2927    0.2233  0.008167   0.08375   0.01577
   187/499     1.65G   0.01313   0.08629   0.01564    0.1151       971       640     0.291    0.7848    0.2969    0.2332  0.007974   0.08275   0.01582
   188/499     1.65G   0.01305   0.08759   0.01557    0.1162      1612       640    0.2958    0.8233     0.308    0.2463  0.007581   0.07855   0.01571
   189/499     1.65G   0.01234   0.08655   0.01558    0.1145      1201       640    0.2934    0.8302    0.3154    0.2462  0.008006   0.08052   0.01558
   190/499     1.65G   0.01311   0.08918   0.01555    0.1178      1173       640    0.2878    0.8136    0.3006    0.2346  0.007728   0.08327   0.01557
   191/499     1.65G   0.01268    0.0905   0.01549    0.1187      1027       640    0.2841    0.7876    0.2772    0.2224  0.007672   0.08178   0.01581
   192/499     1.65G   0.01279   0.09028   0.01551    0.1186      1047       640    0.2835    0.8044    0.2814     0.223  0.008262   0.07933   0.01587
   193/499     1.65G   0.01409   0.08851    0.0155    0.1181      1428       640     0.287    0.8315    0.2949    0.2214   0.00826   0.07842   0.01563
   194/499     1.65G   0.01281   0.09197   0.01546    0.1202      1191       640    0.2817    0.7895    0.2879    0.2248  0.007868   0.07782   0.01576
   195/499     1.65G   0.01327   0.09109   0.01555    0.1199       675       640    0.2892     0.804    0.3014     0.233  0.008119   0.07708    0.0155
   196/499     1.65G   0.01377   0.09322   0.01546    0.1225       888       640    0.2876    0.8202    0.3079    0.2397  0.007976   0.07307   0.01556
   197/499     1.65G   0.01235   0.09239   0.01543    0.1202       937       640    0.2865    0.8222    0.3061    0.2411    0.0079   0.07533   0.01563
   198/499     1.65G   0.01286   0.08808   0.01538    0.1163      1261       640    0.2872    0.8276     0.309    0.2449  0.007706   0.07637   0.01543
   199/499     1.65G   0.01273   0.08946   0.01537    0.1176       754       640    0.2905    0.8409    0.3188    0.2556  0.007512   0.07503   0.01529
   200/499     1.65G   0.01351   0.09306   0.01543     0.122      1021       640    0.2838    0.8132    0.2975    0.2343  0.007892   0.07843   0.01553
   201/499     1.65G   0.01276   0.08991   0.01535     0.118      1053       640    0.2911    0.8415    0.3175    0.2489  0.007801   0.07475   0.01522
   202/499     1.65G   0.01301   0.08815   0.01537    0.1165      1146       640    0.2952    0.8399    0.3211    0.2528  0.007807   0.07242   0.01529
   203/499     1.65G   0.01246   0.08753   0.01541    0.1154      1157       640    0.2916    0.8226    0.3098    0.2428  0.007728   0.07122   0.01562
   204/499     1.65G   0.01428   0.09193   0.01542    0.1216      1290       640    0.2867    0.8065    0.3036    0.2423  0.007663   0.07359   0.01568
   205/499     1.65G   0.01378   0.08762   0.01536    0.1168      1083       640     0.286    0.8189     0.308    0.2408  0.007911   0.07636   0.01541
   206/499     1.65G   0.01312   0.09168   0.01522      0.12      1230       640    0.3018    0.8272    0.3197    0.2533  0.007711   0.07277   0.01527
   207/499     1.65G   0.01283   0.08855   0.01527    0.1167       803       640    0.2868    0.8396    0.3147    0.2436  0.007949   0.08216   0.01517
   208/499     1.65G   0.01273   0.08461   0.01526    0.1126      1076       640    0.2866    0.8167    0.3087    0.2451  0.007933    0.0754   0.01541
   209/499     1.65G   0.01306   0.09056   0.01526    0.1189      1034       640    0.2857    0.8198    0.3115    0.2412  0.007988   0.07713   0.01541
   210/499     1.65G   0.01299   0.09063   0.01527    0.1189      1110       640    0.2908    0.8437    0.3239    0.2615  0.007554   0.07252   0.01516
   211/499     1.65G   0.01283   0.08566   0.01522    0.1137      1054       640    0.2927    0.8427    0.3176    0.2421  0.008006   0.07649   0.01528
   212/499     1.65G   0.01244   0.08498    0.0152    0.1126      1080       640    0.2858    0.8211    0.2998    0.2313  0.008044   0.07838   0.01547
   213/499     1.65G   0.01335   0.08785   0.01523    0.1164      1503       640     0.295      0.83    0.3199    0.2564  0.007516   0.07358    0.0153
   214/499     1.65G   0.01267   0.09107   0.01523     0.119       827       640    0.2906    0.8299    0.3148    0.2512  0.007488   0.07162   0.01537
   215/499     1.65G   0.01265   0.08397   0.01517    0.1118      1004       640    0.3071    0.8363    0.3335    0.2644  0.007656   0.07021   0.01533
   216/499     1.65G   0.01307   0.08782   0.01521    0.1161       859       640    0.3032    0.8205    0.3221    0.2541  0.007776   0.07647   0.01536
   217/499     1.65G   0.01236   0.08416   0.01515    0.1117      1293       640    0.2931    0.8147    0.3128    0.2466  0.007741   0.08222   0.01535
   218/499     1.65G   0.01272   0.09086   0.01518    0.1188      1020       640    0.2964    0.8476    0.3293    0.2552  0.007909   0.08015   0.01511
   219/499     1.65G   0.01319   0.09013   0.01518    0.1185      1470       640    0.2904    0.8182    0.3136    0.2563  0.007434    0.0753   0.01542
   220/499     1.65G   0.01318   0.09163   0.01518      0.12       762       640    0.2869    0.8178     0.309    0.2482  0.007394   0.07334   0.01535
   221/499     1.65G   0.01195   0.08697   0.01521    0.1141       849       640    0.2996    0.8125    0.3194    0.2493  0.007831   0.07242   0.01528
   222/499     1.65G   0.01291   0.08566   0.01512    0.1137      1730       640    0.2885    0.7895     0.308    0.2469  0.007741   0.07233   0.01547
   223/499     1.65G   0.01288   0.09144   0.01516    0.1195      1070       640    0.2913    0.8425    0.3194    0.2582  0.007444   0.06988   0.01525
   224/499     1.65G   0.01201   0.08382   0.01512    0.1109       828       640    0.3006    0.8225    0.3225    0.2562  0.007747   0.07233   0.01524
   225/499     1.65G   0.01169   0.08569   0.01511    0.1125       937       640    0.2941    0.8393    0.3247    0.2619  0.007548   0.07005   0.01511
   226/499     1.65G   0.01244   0.08691   0.01507    0.1144      1158       640    0.2962    0.8236    0.3227    0.2599   0.00758   0.07096   0.01524
   227/499     1.65G   0.01262   0.08834   0.01515    0.1161       890       640    0.2985    0.8537    0.3327     0.271  0.007536   0.06896   0.01504
   228/499     1.65G   0.01269   0.08773   0.01503    0.1155      1410       640    0.2906    0.8432    0.3225    0.2624  0.007375   0.07018   0.01501
   229/499     1.65G   0.01219   0.08563   0.01502    0.1128      1166       640    0.3011      0.85     0.331    0.2566  0.008616   0.07467   0.01489
   230/499     1.65G   0.01318   0.08749   0.01514    0.1158      1106       640    0.2903    0.8069    0.3084    0.2503  0.007622   0.07525   0.01538
   231/499     1.65G   0.01142   0.08058   0.01501     0.107      1208       640     0.299    0.8335    0.3264    0.2665  0.007351   0.07125    0.0151
   232/499     1.65G   0.01226   0.08261   0.01494    0.1098      1035       640     0.302    0.8536    0.3381    0.2567  0.008418   0.07477   0.01487
   233/499     1.65G   0.01212   0.08329   0.01497    0.1104       893       640    0.3026    0.8419    0.3323    0.2685  0.007333   0.06748   0.01485
   234/499     1.65G   0.01131   0.08025   0.01496    0.1065      1157       640    0.2967    0.8643    0.3333    0.2482  0.008577   0.07662   0.01487
   235/499     1.65G   0.01207    0.0801   0.01497    0.1071      1629       640    0.3016     0.819    0.3266    0.2602  0.007828   0.07502   0.01512
   236/499     1.65G   0.01213   0.08065   0.01495    0.1077      1099       640    0.3019    0.8325    0.3308    0.2659  0.007485   0.07863   0.01496
   237/499     1.65G   0.01144    0.0821   0.01487    0.1084       803       640    0.2966    0.8495    0.3348    0.2736  0.007269   0.07378    0.0148
   238/499     1.65G   0.01256   0.08852    0.0149     0.116      1677       640    0.2955    0.8606    0.3359     0.266  0.007671   0.07335   0.01479
   239/499     1.65G   0.01282   0.08574   0.01503    0.1136       843       640     0.294    0.8273    0.3209    0.2546  0.007584    0.0754   0.01515
   240/499     1.65G   0.01159   0.07995   0.01484    0.1064      1292       640    0.3061    0.8453      0.34    0.2725  0.007589   0.07136   0.01483
   241/499     1.65G   0.01255   0.08917   0.01496    0.1167      1245       640    0.3005      0.83    0.3286    0.2673  0.007299   0.07086     0.015
   242/499     1.65G   0.01251   0.08409   0.01494    0.1115       903       640    0.3057    0.8472    0.3394    0.2742  0.007513   0.07317   0.01486
   243/499     1.65G   0.01234   0.08408   0.01491    0.1113       730       640    0.3124    0.8471    0.3433    0.2762   0.00738   0.06974   0.01484
   244/499     1.65G    0.0125   0.08839   0.01485    0.1157      1571       640    0.3106    0.8488    0.3478    0.2818  0.007386   0.07165   0.01479
   245/499     1.65G   0.01213   0.08473   0.01492    0.1118       959       640    0.3031    0.8475    0.3419    0.2715  0.007628   0.07672   0.01478
   246/499     1.65G   0.01245   0.08629   0.01493    0.1137      1172       640    0.3182    0.8302    0.3449    0.2783   0.00746    0.0767   0.01476
   247/499     1.65G   0.01211   0.08533   0.01483    0.1123      1123       640    0.3053    0.8473    0.3475    0.2765  0.007698   0.07344   0.01478
   248/499     1.65G   0.01213   0.08378   0.01483    0.1107      1107       640    0.3088    0.8419    0.3459    0.2855  0.007245   0.06936   0.01482
   249/499     1.65G   0.01223   0.08936   0.01485    0.1164      1189       640    0.3104    0.8538    0.3516    0.2829  0.007508   0.07278   0.01476
   250/499     1.65G   0.01226   0.08486    0.0148    0.1119      1069       640    0.3114    0.8575    0.3514    0.2837  0.007388   0.07743   0.01471
   251/499     1.65G   0.01257   0.08218   0.01481    0.1096      1015       640    0.3139    0.8486    0.3583    0.2903  0.007423   0.07946   0.01468
   252/499     1.65G   0.01242   0.08598    0.0148    0.1132       948       640    0.3178    0.8437     0.352    0.2882  0.007332   0.06889   0.01481
   253/499     1.65G   0.01183   0.08501   0.01479    0.1116      1137       640    0.3118    0.8526    0.3502    0.2815  0.007443   0.06899    0.0148
   254/499     1.65G   0.01211   0.07908   0.01474    0.1059       878       640    0.3072    0.8555    0.3577    0.2827  0.007649   0.07204   0.01465
   255/499     1.65G   0.01277   0.08982   0.01475    0.1173      1086       640    0.3126    0.8481    0.3576    0.2807   0.00757   0.07002   0.01472
   256/499     1.65G    0.0131   0.08853   0.01484    0.1165      1835       640    0.3046    0.8598    0.3472    0.2843  0.007527   0.07151   0.01481
   257/499     1.65G   0.01229   0.08513   0.01478    0.1122       869       640    0.3089    0.8436    0.3654    0.3006  0.007049   0.07214   0.01464
   258/499     1.65G   0.01213   0.08372   0.01469    0.1105      1030       640    0.3059    0.8444    0.3755    0.3091   0.00709   0.06808   0.01459
   259/499     1.65G   0.01207   0.08446   0.01474    0.1113      1038       640    0.3116    0.8456    0.3705    0.3009  0.007444    0.0684   0.01472
   260/499     1.65G   0.01202   0.08436   0.01462     0.111      1492       640    0.3082    0.8515    0.3719    0.3005  0.007397   0.06792   0.01463
   261/499     1.65G   0.01193   0.08011   0.01462    0.1067       995       640    0.3158    0.8406    0.3665    0.2942  0.007386    0.0674   0.01475
   262/499     1.65G   0.01288   0.08463   0.01471    0.1122      1223       640     0.316    0.8481    0.3806    0.3102  0.007307   0.06869    0.0146
   263/499     1.65G   0.01159   0.08396   0.01458    0.1101      1332       640    0.3179     0.853    0.3874    0.3171  0.007339   0.07279   0.01451
   264/499     1.65G   0.01196   0.08579   0.01459    0.1123       858       640    0.3299    0.8205    0.3915    0.3223  0.007269   0.07095   0.01461
   265/499     1.65G   0.01256   0.08125   0.01462    0.1084      1232       640    0.3213    0.8431    0.4013    0.3281  0.007242   0.06855   0.01437
   266/499     1.65G   0.01187   0.08693   0.01468    0.1135      1271       640    0.3217    0.8355    0.3882    0.3178  0.007265   0.07026   0.01458
   267/499     1.65G   0.01121   0.08337   0.01462    0.1092      1232       640    0.3276    0.8392    0.4034    0.3289  0.007324   0.06793   0.01451
   268/499     1.65G   0.01222   0.07933   0.01455    0.1061      1101       640    0.3167     0.856    0.3993    0.3246  0.007303   0.06892   0.01443
   269/499     1.65G   0.01209   0.08399   0.01461    0.1107      1198       640    0.3188    0.8432    0.3964    0.3227  0.007237   0.06609   0.01461
   270/499     1.65G   0.01203   0.08267   0.01457    0.1093       983       640     0.314    0.8609    0.3892     0.312  0.007446   0.06834   0.01458
   271/499     1.65G   0.01222   0.07918   0.01458     0.106       770       640    0.3137    0.8524    0.3956    0.3132  0.007462   0.06739    0.0144
   272/499     1.65G   0.01181   0.07844    0.0145    0.1047       864       640    0.3134    0.8732    0.3968    0.3256  0.007312   0.06597   0.01446
   273/499     1.65G   0.01183   0.08135   0.01442    0.1076      1229       640    0.3115    0.8645       0.4    0.3261  0.007215   0.06929   0.01432
   274/499     1.65G   0.01277   0.08437    0.0145    0.1116      1265       640    0.3191    0.8532    0.3999    0.3245  0.007186   0.06989   0.01426
   275/499     1.65G   0.01179   0.08167   0.01443    0.1079      1402       640    0.3193    0.8551     0.404    0.3314  0.007123   0.07099    0.0142
   276/499     1.65G   0.01171   0.07955   0.01441    0.1057       952       640     0.323    0.8507    0.4055    0.3296  0.007351   0.07354   0.01416
   277/499     1.65G   0.01172   0.08538   0.01437    0.1115      1238       640      0.32    0.8525     0.397    0.3183  0.007442   0.06917   0.01426
   278/499     1.65G   0.01222   0.08572   0.01448    0.1124      1230       640    0.3216    0.8436    0.3954    0.3177  0.007343    0.0721   0.01433
   279/499     1.65G    0.0119   0.08281   0.01438    0.1091       862       640    0.3208     0.869    0.4034     0.321  0.007362   0.07993   0.01419
   280/499     1.65G   0.01209   0.08068   0.01429    0.1071      1361       640    0.3351    0.8432     0.402    0.3182   0.00754   0.07298    0.0145
   281/499     1.65G   0.01176   0.08689    0.0143     0.113       872       640    0.3439    0.8096    0.4166    0.3439    0.0072   0.08024   0.01416
   282/499     1.65G    0.0115   0.07953   0.01436    0.1054      1416       640    0.3284    0.8553     0.419    0.3428    0.0072   0.07433   0.01407
   283/499     1.65G   0.01134   0.08224   0.01435    0.1079      1128       640    0.3267    0.8578    0.4003    0.3271  0.007297   0.06826   0.01438
   284/499     1.65G   0.01121   0.07935   0.01426    0.1048       874       640    0.3265    0.8457    0.4079    0.3291  0.007359   0.06959    0.0142
   285/499     1.65G   0.01212   0.08343   0.01427    0.1098      1190       640    0.3248    0.8603    0.4211    0.3503  0.007051   0.06653   0.01403
   286/499     1.65G   0.01172     0.079   0.01428     0.105      1412       640    0.3333    0.8623    0.4253    0.3504  0.006984   0.06959   0.01397
   287/499     1.65G   0.01203   0.08055   0.01435    0.1069       820       640    0.3238    0.8689    0.4259    0.3527  0.006984   0.06826   0.01392
   288/499     1.65G   0.01158   0.08024   0.01421     0.106       715       640    0.3124    0.8739    0.4094    0.3307  0.007195   0.08023   0.01395
   289/499     1.65G   0.01183   0.08376   0.01418    0.1098      1351       640    0.3438    0.7948    0.4007    0.3278  0.007206   0.07133   0.01422
   290/499     1.65G   0.01159   0.08328   0.01428    0.1091      1575       640    0.3245    0.8552    0.4104    0.3351  0.007196   0.06807     0.014
   291/499     1.65G   0.01205   0.08103   0.01429    0.1074      1005       640    0.3303    0.8421    0.4075     0.324  0.007481   0.06755   0.01424
   292/499     1.65G   0.01207   0.08119   0.01413    0.1074      1311       640    0.3298    0.8215    0.4078    0.3371  0.007065   0.06425   0.01426
   293/499     1.65G   0.01116   0.08006   0.01414    0.1054      1041       640    0.3194    0.8589    0.4124    0.3345  0.007223   0.06858    0.0141
   294/499     1.65G   0.01117   0.07726    0.0141    0.1025      1183       640    0.3171    0.8661    0.4187    0.3446  0.007073   0.06541   0.01391
   295/499     1.65G   0.01152   0.08024   0.01404    0.1058      1373       640    0.3224    0.8456    0.4146     0.337  0.007253   0.07238   0.01394
   296/499     1.65G   0.01165   0.08053   0.01402    0.1062       787       640    0.3361    0.7774    0.3812    0.3149  0.007199   0.07466   0.01466
   297/499     1.65G   0.01197   0.08029   0.01409    0.1064      1024       640    0.3336    0.8409    0.4107    0.3397  0.007018   0.06764   0.01416
   298/499     1.65G   0.01158   0.08082   0.01411    0.1065       945       640    0.3173    0.8639    0.4215    0.3473  0.007015    0.0642   0.01379
   299/499     1.65G   0.01103   0.07985   0.01409     0.105       661       640    0.3362    0.8416    0.4097    0.3361  0.007201    0.0663   0.01414
   300/499     1.65G   0.01156   0.08067    0.0141    0.1063       592       640    0.3305    0.8503    0.3962    0.3221  0.007155   0.06646   0.01424
   301/499     1.65G   0.01125    0.0793   0.01403    0.1046      1118       640    0.3173    0.8621    0.4124    0.3376  0.007318    0.0671   0.01387
   302/499     1.65G   0.01196   0.08015     0.014    0.1061      1155       640    0.3299    0.8375    0.4179    0.3415  0.007148    0.0645   0.01391
   303/499     1.65G     0.012   0.07976    0.0141    0.1059       884       640    0.3214    0.8597    0.4092    0.3323  0.007282   0.06569    0.0141
   304/499     1.65G   0.01176   0.08101   0.01399    0.1068      1300       640     0.316    0.8588    0.4162    0.3243  0.007778   0.06872   0.01384
   305/499     1.65G   0.01136   0.07892   0.01391    0.1042       927       640    0.3327    0.8373    0.4239    0.3429  0.007395   0.06575   0.01387
   306/499     1.65G   0.01145   0.08125   0.01388    0.1066      1317       640    0.3423    0.8318    0.4415    0.3599  0.007232   0.06414   0.01366
   307/499     1.65G   0.01157   0.07711   0.01388    0.1026       860       640      0.36    0.7978    0.4386    0.3623  0.007197   0.06511    0.0139
   308/499     1.65G   0.01125    0.0788   0.01387    0.1039      1360       640    0.3452    0.8392     0.438    0.3626  0.007045   0.06453   0.01378
   309/499     1.65G   0.01123   0.08052   0.01395    0.1057      1397       640    0.3369    0.8587    0.4503    0.3733  0.007062   0.06867   0.01354
   310/499     1.65G     0.011    0.0791   0.01389     0.104       856       640     0.346    0.8105    0.4302    0.3564  0.007048   0.06485   0.01377
   311/499     1.65G   0.01137   0.07571   0.01377    0.1009      1127       640    0.3447    0.8164    0.4289    0.3435  0.007413   0.06496   0.01366
   312/499     1.65G   0.01158   0.08111   0.01388    0.1066      1259       640    0.3505    0.7881     0.419    0.3363  0.007602   0.06734   0.01414
   313/499     1.65G   0.01208    0.0833   0.01399    0.1094      1172       640     0.341    0.8572    0.4512     0.362  0.007604    0.0676   0.01353
   314/499     1.65G   0.01282   0.08183   0.01394    0.1086       968       640     0.353    0.8592    0.4563    0.3758  0.007128   0.06666   0.01348
   315/499     1.65G   0.01255   0.07955   0.01388     0.106      1723       640     0.363    0.8105     0.458    0.3817  0.006975   0.06654   0.01365
   316/499     1.65G   0.01217   0.08102   0.01391    0.1071      1227       640    0.3485    0.8475     0.461    0.3818  0.006969   0.06507   0.01341
   317/499     1.65G   0.01181   0.07748   0.01383    0.1031      1119       640    0.3363    0.8474    0.4496    0.3706  0.007128   0.06535   0.01347
   318/499     1.65G   0.01175   0.08303   0.01376    0.1085       787       640    0.3461    0.8065    0.4313    0.3579  0.007124   0.06536   0.01386
   319/499     1.65G   0.01124   0.07954   0.01374    0.1045      1245       640    0.3464    0.8464    0.4444    0.3659  0.007056   0.06311   0.01358
   320/499     1.65G   0.01219   0.07848   0.01379    0.1045      1294       640    0.3388    0.8633    0.4498    0.3572  0.007428   0.06582   0.01337
   321/499     1.65G   0.01227   0.08349   0.01383    0.1096      1474       640    0.3517    0.8395    0.4545    0.3701  0.007186   0.06711   0.01341
   322/499     1.65G   0.01052   0.07599   0.01359    0.1001      1065       640    0.3602    0.8067    0.4511    0.3649  0.007252    0.0695   0.01348
   323/499     1.65G   0.01065      0.08   0.01351    0.1042       843       640    0.3566    0.8074    0.4558    0.3746  0.007095   0.06982   0.01339
   324/499     1.65G   0.01162   0.08182   0.01365    0.1071      1371       640    0.3733    0.7607    0.4444    0.3594  0.007467   0.07204   0.01379
   325/499     1.65G   0.01161   0.07922   0.01365    0.1045       762       640    0.3839    0.7439    0.4603     0.376  0.007151   0.06802   0.01345
   326/499     1.65G   0.01212   0.08025   0.01362     0.106       770       640    0.3563    0.8272    0.4678    0.3822  0.007241    0.0668   0.01323
   327/499     1.65G   0.01133   0.07954   0.01351    0.1044       856       640    0.3652     0.791    0.4547    0.3747   0.00711   0.06375   0.01345
   328/499     1.65G   0.01163   0.08158   0.01372    0.1069      1238       640    0.3517    0.8214    0.4535    0.3661  0.007498   0.06596   0.01359
   329/499     1.65G   0.01191   0.07712   0.01373    0.1028       933       640    0.3687    0.8061    0.4594    0.3698  0.007511   0.06545   0.01358
   330/499     1.65G   0.01104   0.08033   0.01353    0.1049      1042       640    0.3636    0.7947    0.4326    0.3555  0.007269   0.06529   0.01402
   331/499     1.65G   0.01114    0.0771   0.01356    0.1018       955       640    0.3524    0.8229      0.45    0.3681  0.007226   0.06536   0.01367
   332/499     1.65G   0.01168   0.07939   0.01364    0.1047      1119       640    0.3392    0.8829    0.4564    0.3734  0.007264   0.06801   0.01337
   333/499     1.65G   0.01136   0.08086   0.01355    0.1058       650       640    0.3604    0.8198    0.4593    0.3683  0.007436   0.07097   0.01344
   334/499     1.65G   0.01133   0.07683   0.01349    0.1017      1359       640    0.3558    0.8358    0.4696    0.3898  0.007014   0.06965   0.01318
   335/499     1.65G   0.01086   0.08094   0.01346    0.1053       814       640    0.3548     0.825    0.4626     0.378  0.007123   0.06627   0.01335
   336/499     1.65G   0.01203   0.08396   0.01365    0.1096      1160       640    0.3637    0.7891     0.456      0.38  0.006881   0.06323   0.01345
   337/499     1.65G   0.01224   0.08027   0.01361    0.1061      1172       640    0.3734    0.7692     0.457    0.3758  0.006992   0.06436   0.01341
   338/499     1.65G    0.0127   0.08382   0.01367    0.1102      1428       640    0.3651    0.8056    0.4666    0.3866  0.006988    0.0641   0.01322
   339/499     1.65G   0.01169   0.08012   0.01344    0.1052      1334       640    0.3404    0.8944    0.4654    0.3784  0.007188    0.0648   0.01332
   340/499     1.65G   0.01121   0.07622   0.01339    0.1008      1376       640    0.3669    0.7847    0.4624    0.3824  0.007127   0.06376   0.01351
   341/499     1.65G   0.01149   0.07879   0.01347    0.1038      1193       640    0.3718    0.7699    0.4687    0.3876  0.007046   0.06461   0.01341
   342/499     1.65G   0.01203   0.07897    0.0135    0.1045       997       640    0.3415    0.8748    0.4756    0.3877  0.007205   0.06531   0.01311
   343/499     1.65G    0.0115    0.0802   0.01341    0.1051      1119       640    0.3464    0.8513    0.4752    0.3932  0.006887   0.06244   0.01318
   344/499     1.65G   0.01166   0.08258   0.01351    0.1078      1323       640    0.3762    0.7643    0.4687    0.3851  0.006997   0.06613   0.01338
   345/499     1.65G   0.01134   0.07824   0.01341     0.103       692       640    0.3709    0.7833    0.4782    0.3982  0.006844   0.06264   0.01316
   346/499     1.65G   0.01113   0.08223   0.01333    0.1067      1073       640    0.3418    0.8535    0.4783    0.3935  0.007119   0.06532   0.01307
   347/499     1.65G   0.01127   0.07914   0.01333    0.1037      1048       640     0.375    0.7821    0.4751    0.3885   0.00721   0.06407   0.01326
   348/499     1.65G   0.01222   0.08004   0.01345    0.1057      1366       640    0.3706    0.8318     0.485    0.4009  0.007171   0.06562   0.01315
   349/499     1.65G   0.01108   0.07619   0.01332    0.1006      1250       640    0.3669    0.8259    0.4857    0.3951  0.007281   0.06628   0.01305
   350/499     1.65G   0.01123   0.07804   0.01339    0.1027       966       640    0.3611    0.8084    0.4717    0.3827  0.007154   0.06482   0.01342
   351/499     1.65G   0.01076   0.07456   0.01326   0.09858       847       640    0.3571     0.844    0.4959    0.4067   0.00697   0.06379   0.01297
   352/499     1.65G   0.01139   0.07971    0.0134    0.1045      1465       640    0.3559    0.8471     0.491    0.4084  0.006816   0.06307    0.0129
   353/499     1.65G   0.01143   0.07951   0.01334    0.1043       878       640    0.3694    0.8077    0.4915    0.4073   0.00688   0.06251   0.01303
   354/499     1.65G   0.01245    0.0803   0.01342    0.1062      1654       640    0.3527    0.8489     0.483    0.3978   0.00705   0.06397   0.01316
   355/499     1.65G    0.0117   0.08176   0.01332    0.1068      1196       640     0.357    0.8303    0.4841    0.3823  0.007717   0.06779   0.01315
   356/499     1.65G   0.01086   0.07691   0.01325     0.101      1166       640    0.3494    0.8604    0.4898    0.4002   0.00713   0.06617   0.01287
   357/499     1.65G   0.01138   0.07864   0.01333    0.1033      1125       640    0.3413    0.8614    0.4839       0.4  0.007026   0.07061   0.01282
   358/499     1.65G   0.01069   0.07902   0.01311    0.1028      1334       640     0.341    0.8688    0.4806     0.394  0.007014   0.06422   0.01315
   359/499     1.65G   0.01109   0.07864   0.01321    0.1029      1107       640    0.4181    0.7161    0.4956    0.4126  0.006933   0.06219   0.01292
   360/499     1.65G   0.01135   0.07686   0.01322    0.1014       938       640    0.3875    0.7462    0.4918    0.4061  0.006907   0.06312   0.01301
   361/499     1.65G   0.01164   0.08053    0.0133    0.1055      1284       640    0.3587    0.8458    0.4992     0.416  0.006876   0.06139   0.01293
   362/499     1.65G   0.01123   0.07685   0.01329    0.1014      1526       640    0.3583    0.8668    0.5005    0.4103  0.007054   0.06258   0.01299
   363/499     1.65G   0.01116   0.07876   0.01319    0.1031      1272       640    0.3704    0.8412    0.4983    0.4074  0.007138   0.06339   0.01295
   364/499     1.65G   0.01116   0.07982   0.01324    0.1042      1180       640    0.3727    0.8147    0.4907    0.4036  0.007039    0.0634   0.01307
   365/499     1.65G   0.01138   0.07822   0.01312    0.1027       981       640    0.3809    0.7836    0.4938    0.4058  0.007026   0.06447   0.01308
   366/499     1.65G   0.01124   0.07685   0.01298    0.1011       861       640    0.3752    0.8435    0.5057    0.4079  0.007089   0.06324   0.01271
   367/499     1.65G   0.01169   0.07925   0.01319    0.1041      1139       640    0.3795    0.8237    0.5077    0.4167  0.007034    0.0639   0.01282
   368/499     1.65G   0.01182   0.07665   0.01312    0.1016      1169       640    0.4036     0.741    0.5152    0.4199  0.007068   0.06367   0.01287
   369/499     1.65G   0.01097   0.07636   0.01311    0.1004      1329       640    0.3991    0.7451     0.516    0.4265  0.006947   0.06333   0.01284
   370/499     1.65G    0.0117   0.07439   0.01315   0.09924       905       640    0.3867    0.7804    0.5201    0.4365  0.006931   0.06335   0.01275
   371/499     1.65G    0.0105   0.07278   0.01293   0.09621       629       640    0.3602    0.8517      0.51    0.4244  0.006933   0.06417   0.01287
   372/499     1.65G   0.01153   0.07926   0.01311    0.1039       864       640    0.3697    0.8078    0.5058    0.4116  0.007206   0.06688    0.0129
   373/499     1.65G   0.01091   0.07791   0.01299    0.1018       838       640    0.3844     0.779    0.5175    0.4268  0.007091   0.06451    0.0128
   374/499     1.65G   0.01129   0.07585   0.01301    0.1002       995       640    0.3783    0.7907    0.5241    0.4343   0.00704    0.0639   0.01264
   375/499     1.65G   0.01069   0.07746   0.01291    0.1011      1040       640     0.362     0.813    0.5024    0.4122  0.007014   0.06364   0.01304
   376/499     1.65G   0.01094   0.07904   0.01294    0.1029      1094       640    0.3663    0.8269    0.5004     0.411  0.006994   0.06458     0.013
   377/499     1.65G   0.01099   0.07833   0.01307    0.1024       989       640    0.3917    0.7655    0.5181    0.4263  0.006959   0.06339   0.01266
   378/499     1.65G    0.0105   0.07351   0.01301   0.09701      1312       640    0.3612    0.8447    0.5225    0.4359  0.006862   0.06305   0.01266
   379/499     1.65G   0.01054   0.07627   0.01294   0.09974      1262       640    0.4328    0.6963    0.5291    0.4371  0.006881   0.06379   0.01248
   380/499     1.65G   0.01113   0.08059   0.01294    0.1047      1085       640    0.3809    0.8581    0.5383    0.4465  0.006941   0.06556   0.01237
   381/499     1.65G   0.01142    0.0813   0.01304    0.1058       911       640    0.3842     0.815    0.5389    0.4454  0.006972   0.06575   0.01233
   382/499     1.65G   0.01126   0.07714   0.01286    0.1013      1293       640    0.4186    0.7227    0.5338    0.4463  0.006813    0.0636    0.0124
   383/499     1.65G   0.01077   0.07679   0.01276    0.1003       918       640    0.4457     0.674    0.5358    0.4403  0.006943   0.06359   0.01235
   384/499     1.65G    0.0114   0.07692   0.01303    0.1013      1622       640    0.3866    0.8111    0.5357    0.4444  0.006875   0.06122   0.01251
   385/499     1.65G   0.01124    0.0776   0.01292    0.1018       809       640    0.3751    0.8199      0.52    0.4206  0.007303   0.06392   0.01275
   386/499     1.65G   0.01077   0.07642   0.01273   0.09992      1312       640    0.4556    0.6902    0.5273    0.4265  0.007185    0.0623   0.01248
   387/499     1.65G   0.01047   0.07199   0.01273   0.09519      1041       640    0.5519    0.6576    0.5299    0.4319  0.007054   0.06199   0.01248
   388/499     1.65G   0.01049   0.07346   0.01266   0.09661      1021       640    0.4022    0.6462     0.526    0.4365  0.006892   0.06224   0.01257
   389/499     1.65G   0.01142   0.08034   0.01282    0.1046       981       640    0.5604    0.6268    0.5275    0.4324  0.007036   0.06363   0.01253
   390/499     1.65G   0.01091     0.077   0.01275    0.1007      1141       640    0.5549    0.6641    0.5359    0.4434  0.006961   0.06205   0.01242
   391/499     1.65G   0.01051   0.07979   0.01277    0.1031       977       640    0.4363    0.6751    0.5369    0.4393  0.007007   0.06227   0.01243
   392/499     1.65G   0.01074   0.07822   0.01264    0.1016      1353       640    0.4948    0.6979    0.5392    0.4402  0.007034   0.06471    0.0123
   393/499     1.65G   0.01105   0.07981   0.01268    0.1035      1103       640    0.5014    0.6908    0.5449    0.4409  0.007113    0.0698    0.0122
   394/499     1.65G   0.01083    0.0774   0.01267    0.1009       603       640    0.5594    0.6737    0.5438    0.4453  0.007024   0.07073   0.01234
   395/499     1.65G   0.01091    0.0762   0.01274   0.09985       998       640    0.4802    0.7101    0.5447    0.4444  0.007106   0.06833   0.01229
   396/499     1.65G   0.01118   0.07751   0.01266    0.1014       961       640    0.3967    0.7942    0.5381    0.4466  0.006859    0.0654   0.01249
   397/499     1.65G   0.01112   0.07549   0.01274   0.09936      1259       640    0.3965    0.7913    0.5348    0.4387  0.007067    0.0683   0.01262
   398/499     1.65G   0.01129    0.0785   0.01278    0.1026       934       640    0.3921    0.8034    0.5431    0.4466  0.006983   0.06883   0.01242
   399/499     1.65G   0.01112   0.07256   0.01264   0.09632      1116       640    0.5674     0.673    0.5462    0.4498  0.006932   0.06517   0.01225
   400/499     1.65G   0.01131   0.07649   0.01272    0.1005      1269       640    0.4658    0.6923    0.5461    0.4545  0.006852   0.06173   0.01226
   401/499     1.65G    0.0105   0.07674   0.01245    0.0997       822       640    0.4023    0.7296    0.5301    0.4371  0.006887   0.06259   0.01252
   402/499     1.65G   0.01111   0.07732   0.01274    0.1012      1018       640    0.5221    0.6601    0.5299    0.4382   0.00694   0.06171    0.0126
   403/499     1.65G   0.01069   0.07499   0.01262   0.09831      1136       640    0.5646    0.6572    0.5343    0.4448  0.006926   0.06251   0.01242
   404/499     1.65G   0.01119   0.07504   0.01266   0.09889       742       640    0.5695    0.6533    0.5409    0.4486  0.006888   0.06207   0.01229
   405/499     1.65G   0.01105   0.07379   0.01263   0.09747       859       640    0.4534     0.661    0.5331    0.4438  0.006944   0.06267   0.01243
   406/499     1.65G   0.01055   0.07604   0.01254   0.09914      1560       640     0.423    0.6857    0.5416     0.446   0.00696   0.06713   0.01222
   407/499     1.65G    0.0115   0.07859   0.01266    0.1028      1095       640     0.417    0.6547    0.5371    0.4476  0.006931   0.06807   0.01236
   408/499     1.65G   0.01089   0.07787   0.01255    0.1013      1445       640    0.5668    0.6586    0.5409    0.4511  0.006818   0.06312   0.01232
   409/499     1.65G   0.01102   0.07422    0.0124   0.09764      1467       640    0.5663    0.7037    0.5522    0.4621  0.006825     0.062   0.01197
   410/499     1.65G   0.01139   0.07663    0.0126    0.1006      1346       640    0.5736    0.6921    0.5517    0.4559  0.006911   0.06424   0.01205
   411/499     1.65G   0.01085   0.07638   0.01261   0.09984      1334       640    0.5783    0.6964    0.5556    0.4595  0.006861   0.06349   0.01194
   412/499     1.65G   0.01128   0.07685   0.01253    0.1007      1224       640    0.4629     0.729    0.5592    0.4592  0.006983   0.06344   0.01187
   413/499     1.65G   0.01107   0.07911   0.01247    0.1026       863       640    0.5657    0.7047    0.5558    0.4612  0.006959   0.06482   0.01212
   414/499     1.65G    0.0105   0.07627   0.01242   0.09919      1244       640     0.584    0.6955    0.5592    0.4641  0.006896   0.06342   0.01204
   415/499     1.65G   0.01108   0.07954   0.01251    0.1031       774       640      0.44    0.6861    0.5556    0.4607   0.00691   0.06638   0.01205
   416/499     1.65G   0.01072   0.07538   0.01259   0.09869       933       640    0.4233     0.665    0.5432    0.4472  0.006987   0.06571   0.01235
   417/499     1.65G   0.01116   0.07828   0.01253     0.102      1464       640     0.579    0.6461    0.5543    0.4565  0.007057   0.06837    0.0122
   418/499     1.65G   0.01109   0.08014    0.0125    0.1037       869       640    0.5709     0.674    0.5526    0.4548   0.00696   0.06867   0.01224
   419/499     1.65G   0.01084   0.07358   0.01242   0.09683      1461       640    0.5557    0.6948    0.5425    0.4509   0.00681   0.06401   0.01236
   420/499     1.65G   0.01074    0.0742   0.01231   0.09725       728       640     0.577    0.6706    0.5479    0.4579  0.006756   0.06219   0.01209
   421/499     1.65G   0.01092   0.07599   0.01241   0.09932      1324       640    0.5725    0.6854    0.5462    0.4544  0.006815   0.06294   0.01209
   422/499     1.65G   0.01067   0.07359   0.01232   0.09659      1000       640    0.5753    0.6848    0.5558      0.46  0.006874   0.06332   0.01189
   423/499     1.65G   0.01075    0.0774   0.01232    0.1005       876       640    0.5865    0.6721     0.557    0.4625  0.006836   0.06237   0.01189
   424/499     1.65G   0.01109   0.07409   0.01237   0.09755      1002       640    0.5893    0.6809    0.5604    0.4668  0.006828   0.06111   0.01179
   425/499     1.65G  0.009804   0.07333   0.01224   0.09538      1089       640    0.4254    0.7105    0.5483    0.4504  0.007038   0.06227   0.01203
   426/499     1.65G   0.01103    0.0762   0.01231   0.09954      1437       640    0.5863    0.6856    0.5535    0.4543  0.006971   0.06164   0.01192
   427/499     1.65G   0.01123   0.07794   0.01229    0.1015      1270       640    0.5666    0.6852    0.5476    0.4579  0.006854   0.06435   0.01209
   428/499     1.65G   0.01073   0.07157   0.01225   0.09455      1124       640    0.5654    0.6644    0.5426    0.4549  0.006815   0.06657   0.01227
   429/499     1.65G    0.0111   0.07801   0.01223    0.1013       994       640     0.562    0.6899    0.5498    0.4609  0.006878   0.06906   0.01215
   430/499     1.65G   0.01085   0.07607   0.01226   0.09918      1056       640    0.5613      0.68    0.5469    0.4589  0.006869   0.06984   0.01214
   431/499     1.65G   0.01125   0.07615   0.01226   0.09967      1092       640    0.5654    0.6828    0.5555    0.4647  0.006931   0.07127   0.01195
   432/499     1.65G  0.009922   0.07556   0.01201    0.0975      1456       640    0.5886      0.65    0.5598    0.4673  0.006881   0.06302   0.01174
   433/499     1.65G   0.01092   0.07294   0.01223   0.09608       972       640    0.5716    0.7077    0.5585     0.461  0.007019   0.06119   0.01184
   434/499     1.65G   0.01144   0.07854   0.01223    0.1022      1108       640    0.5897    0.6664    0.5551    0.4588  0.006956   0.06069   0.01197
   435/499     1.65G   0.01119    0.0786   0.01216    0.1019      1084       640    0.5796    0.6924    0.5508    0.4576  0.006899   0.06307   0.01203
   436/499     1.65G   0.01116   0.07915   0.01236    0.1027       850       640    0.5839    0.6503    0.5398    0.4515  0.006951   0.06466   0.01237
   437/499     1.65G   0.01193   0.07639   0.01224    0.1006       949       640    0.5903    0.6485    0.5523     0.462  0.006903   0.06467   0.01226
   438/499     1.65G   0.01083   0.08019   0.01223    0.1032      1228       640    0.5863    0.7015     0.566    0.4747   0.00676   0.06264    0.0118
   439/499     1.65G   0.01146   0.07871   0.01223    0.1024      1295       640     0.588    0.6938    0.5681    0.4706  0.006866   0.06336   0.01163
   440/499     1.65G   0.01039   0.07401   0.01206   0.09645      1115       640     0.584    0.6803     0.563    0.4701  0.006776   0.06347   0.01188
   441/499     1.65G   0.01029   0.07205   0.01201   0.09435      1242       640    0.5951    0.6437    0.5576    0.4632  0.006952   0.06516   0.01201
   442/499     1.65G   0.01112    0.0748   0.01215   0.09807      1262       640    0.5951    0.6705    0.5675    0.4671  0.007015   0.06379   0.01171
   443/499     1.65G   0.01078   0.07367   0.01213   0.09658       837       640    0.5992    0.6612    0.5717    0.4687  0.007055   0.06477   0.01172
   444/499     1.65G   0.01119   0.07736   0.01221    0.1008      1084       640    0.5705    0.6941    0.5578     0.464  0.006991   0.06627   0.01202
   445/499     1.65G   0.01069   0.07443   0.01216   0.09728       652       640    0.5813     0.684    0.5585    0.4665  0.006842   0.07023   0.01189
   446/499     1.65G     0.011   0.07383   0.01209   0.09692      1345       640    0.5969    0.6685    0.5609    0.4675  0.006819   0.06334   0.01184
   447/499     1.65G    0.0112   0.07691   0.01214    0.1003      1068       640    0.5961    0.6835    0.5568    0.4614  0.006949   0.06249   0.01176
   448/499     1.65G   0.01152   0.07709   0.01246    0.1011      1235       640    0.5986    0.6945    0.5621    0.4666  0.006884   0.06065   0.01169
   449/499     1.65G   0.01065   0.07744   0.01201    0.1001       971       640    0.5944    0.6985    0.5621    0.4658  0.006989   0.06192   0.01175
   450/499     1.65G   0.01111   0.07412   0.01197    0.0972       880       640    0.5956     0.703    0.5622    0.4683  0.006907   0.06472   0.01181
   451/499     1.65G    0.0109   0.07653   0.01198   0.09941      1190       640    0.5949    0.6913    0.5636    0.4691   0.00696   0.06747    0.0119
   452/499     1.65G   0.01095   0.07806   0.01212    0.1011       996       640    0.5881    0.6973    0.5691    0.4693  0.007094   0.06716   0.01196
   453/499     1.65G   0.01074   0.07551   0.01196   0.09821      1170       640    0.5959    0.6847     0.575    0.4787  0.006964   0.07165   0.01177
   454/499     1.65G   0.01122   0.07647   0.01207   0.09976      1315       640    0.6063    0.6773    0.5761    0.4801  0.006859   0.08116    0.0115
   455/499     1.65G   0.01026    0.0739   0.01177   0.09592      1049       640    0.6046    0.6642    0.5722    0.4786  0.006853   0.07419   0.01173
   456/499     1.65G   0.01109   0.07743   0.01202    0.1005      1352       640    0.6027    0.6692    0.5736    0.4811  0.006843   0.06685   0.01167
   457/499     1.65G    0.0115   0.07242   0.01218    0.0961      1396       640    0.4147    0.8452    0.5749    0.4807   0.00687   0.06314   0.01173
   458/499     1.65G   0.01105   0.07908   0.01199    0.1021      1101       640     0.418    0.8549     0.578    0.4841  0.006847   0.06211   0.01169
   459/499     1.65G   0.01063   0.07566   0.01197   0.09826       848       640    0.4165     0.842    0.5726    0.4812  0.006808   0.06345   0.01183
   460/499     1.65G   0.01091   0.07402   0.01192   0.09685      1007       640    0.4275    0.8446    0.5812    0.4895  0.006762   0.06305   0.01167
   461/499     1.65G   0.01084   0.07421     0.012   0.09704      1339       640    0.4287    0.8526    0.5841    0.4907  0.006806   0.06285   0.01173
   462/499     1.65G   0.01057   0.07435   0.01191   0.09683       816       640    0.4285    0.8453    0.5817    0.4902  0.006749   0.06216   0.01179
   463/499     1.65G   0.01066   0.07703   0.01192   0.09961      1026       640    0.4314     0.839    0.5841    0.4928  0.006708   0.06131   0.01159
   464/499     1.65G    0.0108   0.07492     0.012   0.09772      1312       640    0.4244    0.8535     0.583    0.4922  0.006665   0.06324   0.01162
   465/499     1.65G   0.01024   0.07329   0.01171   0.09524      1142       640    0.4324    0.8325    0.5785    0.4868  0.006729   0.06295   0.01182
   466/499     1.65G   0.01015     0.072   0.01182   0.09397       908       640    0.4231    0.8586     0.584    0.4926  0.006735   0.06169    0.0117
   467/499     1.65G    0.0112   0.07706   0.01198    0.1002      1173       640    0.4389     0.838     0.591    0.4986  0.006721   0.06124    0.0115
   468/499     1.65G    0.0111   0.07569   0.01194   0.09874      1176       640    0.4358    0.8403    0.5907    0.4965  0.006736   0.06139   0.01158
   469/499     1.65G   0.01115   0.07622   0.01204    0.0994      1097       640    0.4454    0.8404    0.5939    0.4995  0.006753   0.06273   0.01142
   470/499     1.65G   0.01096   0.07401   0.01196   0.09693       807       640    0.4381    0.8519    0.5915    0.4977  0.006794   0.06378   0.01141
   471/499     1.65G   0.01084   0.07631   0.01192   0.09906      1177       640    0.4309    0.8464    0.5825    0.4873  0.006802   0.05975   0.01167
   472/499     1.65G   0.01065   0.07665   0.01191   0.09921      1027       640    0.4276    0.8349    0.5764    0.4799   0.00686   0.05972    0.0119
   473/499     1.65G   0.01084   0.07487   0.01191   0.09762       888       640    0.4451    0.8332    0.5865    0.4916  0.006793   0.06036   0.01164
   474/499     1.65G   0.01018   0.07421    0.0117   0.09608       792       640    0.4412    0.8531    0.5897    0.4903  0.006834   0.06289   0.01144
   475/499     1.65G   0.01107   0.07503   0.01185   0.09795      1322       640    0.4464    0.8407    0.5885    0.4965  0.006754   0.06171   0.01153
   476/499     1.65G   0.01034   0.07256   0.01182   0.09471      1064       640    0.4506    0.8366    0.5905    0.4996  0.006668   0.06021   0.01157
   477/499     1.65G   0.01083   0.07533   0.01187   0.09804       848       640    0.4463    0.8493     0.597    0.5046  0.006688   0.06079   0.01155
   478/499     1.65G   0.01104   0.07763   0.01191    0.1006       971       640    0.4576    0.8349    0.5888     0.496  0.006737   0.06173    0.0117
   479/499     1.65G    0.0108   0.07318   0.01183   0.09581      1218       640    0.4526    0.8349    0.5898    0.4947  0.006816    0.0612   0.01166
   480/499     1.65G   0.01036   0.07619   0.01174   0.09829      1054       640     0.442    0.8651    0.5922    0.4992  0.006755   0.06069   0.01156
   481/499     1.65G   0.01118   0.07468   0.01176   0.09762      1277       640    0.4453    0.8675    0.5944    0.4998  0.006714   0.05972   0.01141
   482/499     1.65G   0.01137   0.07689   0.01176       0.1      1172       640    0.4497    0.8574    0.5938    0.5003  0.006774   0.06137   0.01151
   483/499     1.65G   0.01005    0.0745   0.01155   0.09611      1044       640     0.449    0.8534    0.5944    0.4952  0.006831   0.06164   0.01152
   484/499     1.65G   0.01104   0.07571   0.01179   0.09855      1175       640     0.455    0.8489    0.5924    0.4968   0.00677   0.06101   0.01156
   485/499     1.65G   0.01066   0.07254   0.01165   0.09485      1073       640    0.4511    0.8531    0.5866     0.488  0.006813   0.06079   0.01173
   486/499     1.65G   0.01097   0.07287   0.01177    0.0956      1086       640    0.4505    0.8728    0.5978    0.5027  0.006724   0.06002   0.01133
   487/499     1.65G   0.01102   0.07327   0.01178   0.09606       977       640    0.4577    0.8601    0.6014    0.5071  0.006692   0.05984   0.01122
   488/499     1.65G   0.01119   0.07609   0.01182    0.0991      1161       640    0.4601    0.8672    0.6034    0.5083  0.006655   0.05855   0.01135
   489/499     1.65G   0.01063   0.07323   0.01177   0.09563      1189       640    0.4759    0.8351    0.6018    0.5065  0.006664   0.05966   0.01148
   490/499     1.65G   0.01094   0.07468   0.01166   0.09727      1077       640    0.4798    0.8412    0.6046    0.5094  0.006625    0.0603   0.01123
   491/499     1.65G   0.01072   0.07367   0.01168   0.09607      1051       640     0.464    0.8508    0.6028    0.5088  0.006659   0.06105   0.01117
   492/499     1.65G    0.0101   0.07114    0.0115   0.09275      1037       640    0.4561    0.8624    0.6037    0.5073  0.006707   0.05988   0.01112
   493/499     1.65G   0.01029   0.07331   0.01167   0.09526      1334       640    0.4739    0.8488    0.6057    0.5075  0.006725   0.05954   0.01112
   494/499     1.65G   0.01073    0.0778    0.0118    0.1003      1273       640    0.4549    0.8745    0.5992    0.5034  0.006701   0.06026   0.01131
   495/499     1.65G   0.01081   0.07619   0.01182   0.09882      1285       640    0.4625     0.865    0.6008    0.5008   0.00684   0.06183   0.01129
   496/499     1.65G   0.01088   0.07534   0.01188    0.0981      1073       640    0.4728    0.8265    0.5936    0.4966  0.006864   0.06188    0.0115
   497/499     1.65G   0.01119   0.07498   0.01182   0.09799      1057       640    0.4544    0.8506    0.5844    0.4843  0.006962   0.06297   0.01178
   498/499     1.65G   0.01055    0.0764   0.01159   0.09854      1107       640    0.4714    0.8464    0.6013    0.4986  0.006915   0.06192   0.01138
   499/499     1.65G   0.01092   0.07545   0.01161   0.09797      1389       640    0.4867    0.8392     0.609    0.5101  0.006811   0.06071   0.01113
