      0/49     1.81G     0.047   0.09638   0.01967     0.163      1076       640         0         0         0         0   0.04684   0.08917    0.0196
      1/49     1.62G   0.04677   0.07943   0.01949    0.1457      1025       640  0.002243  0.004337 0.0001401 1.856e-05   0.04614   0.07573   0.01967
      2/49     1.62G     0.046     0.075   0.01927    0.1403      1354       640  0.007746   0.01358 0.0002942 4.677e-05   0.04506   0.07891      0.02
      3/49     1.62G   0.04394   0.08088   0.01909    0.1439      1163       640   0.02209   0.06841  0.003498 0.0006179   0.04198    0.0931   0.01947
      4/49     1.63G   0.04056   0.09197   0.01874    0.1513      1415       640   0.04584    0.2135    0.0198  0.004097   0.03549    0.1204   0.01906
      5/49     1.63G   0.03639    0.1121   0.01847     0.167      1408       640   0.07083    0.3013   0.04455    0.0117    0.0296    0.1403   0.01863
      6/49     1.63G   0.03243    0.1229   0.01818    0.1735      1103       640   0.06366    0.2374   0.02134  0.003749   0.02822     0.151   0.01844
      7/49     1.63G   0.03002    0.1279   0.01796    0.1759      1304       640   0.06071    0.2139   0.02218  0.004227   0.02846    0.1617   0.01815
      8/49     1.63G   0.02835    0.1424     0.018    0.1887       973       640    0.1099    0.3506   0.05266   0.01218   0.02391    0.1582   0.01817
      9/49     1.63G   0.02782    0.1432   0.01793    0.1889      1168       640   0.07655    0.2276   0.02236  0.004309   0.02506    0.1632   0.01814
     10/49     1.63G   0.02587    0.1356   0.01791    0.1794      1256       640   0.09842    0.3411   0.04738   0.01231   0.02254    0.1741   0.01818
     11/49     1.63G   0.02864    0.1454   0.01781    0.1919      1574       640   0.07529    0.2515   0.02811  0.003757   0.02587    0.1756   0.01812
     12/49     1.63G    0.0272     0.137   0.01782     0.182      1024       640    0.1016    0.3096   0.04456   0.01206   0.02436    0.1747   0.01808
     13/49     1.63G   0.02708    0.1449   0.01786    0.1898      1158       640    0.1321    0.4299   0.08216    0.0287   0.01877    0.1872   0.01812
     14/49     1.63G   0.02488    0.1369   0.01781    0.1796      1021       640   0.05515    0.2158   0.03172   0.01189   0.02387    0.1813   0.01807
     15/49     1.63G   0.02661    0.1438   0.01781    0.1882      1349       640    0.1088    0.3449   0.05158   0.01008   0.02279    0.2094     0.018
     16/49     1.63G   0.02743    0.1505   0.01782    0.1958      1313       640    0.1245    0.4462   0.08904   0.03575   0.02082    0.1617   0.01803
     17/49     1.63G   0.02402     0.136   0.01781    0.1778      1113       640    0.1069    0.3189   0.04876  0.007578    0.0239    0.1612   0.01796
     18/49     1.63G   0.02524    0.1334   0.01774    0.1764       895       640   0.09617    0.3587   0.05915    0.0137   0.02375    0.1651   0.01793
     19/49     1.63G   0.02264    0.1295   0.01776    0.1699      1059       640    0.1447    0.4424   0.09161   0.03449   0.01935    0.1588   0.01791
     20/49     1.63G   0.02854    0.1438   0.01773      0.19      1457       640    0.1374    0.4409   0.09512    0.0445   0.01689    0.1986   0.01789
     21/49     1.63G   0.02556    0.1363   0.01771    0.1796       917       640    0.1412    0.4638   0.09493   0.03914   0.01713    0.1686   0.01787
     22/49     1.63G   0.02243    0.1211   0.01772    0.1612       907       640    0.1596    0.4388   0.09745   0.03809   0.01797    0.1678   0.01782
     23/49     1.63G   0.02097    0.1222   0.01764    0.1608       996       640    0.1291    0.4715    0.1031    0.0533   0.01521    0.1459   0.01785
     24/49     1.63G    0.0244    0.1345   0.01767    0.1765       866       640     0.179    0.4796    0.1054   0.03997   0.02215    0.2309   0.01783
     25/49     1.63G   0.02379    0.1342   0.01769    0.1757       977       640    0.1104    0.3266   0.06485   0.01835   0.02057    0.1967   0.01788
     26/49     1.63G   0.02261    0.1347   0.01771     0.175       783       640    0.1649    0.4359   0.08949   0.03248   0.01831    0.1583   0.01785
     27/49     1.63G   0.02062     0.125   0.01765    0.1633      1340       640    0.1346    0.4762    0.1036   0.03139   0.01767    0.1752   0.01783
     28/49     1.63G   0.02138    0.1191   0.01759    0.1581      1198       640    0.1352    0.4993    0.1155   0.05485   0.01553    0.1592   0.01778
     29/49     1.63G   0.02157    0.1241   0.01763    0.1633      1013       640    0.1299    0.4557   0.09786   0.04131   0.01668    0.1531   0.01776
     30/49     1.63G   0.02278    0.1293    0.0176    0.1697      1255       640    0.1381    0.4899    0.1082   0.05077   0.01566    0.1695   0.01781
     31/49     1.63G   0.02175    0.1277   0.01762     0.167       872       640     0.136    0.4728    0.1077   0.05434   0.01521      0.16   0.01785
     32/49     1.63G    0.0205    0.1276   0.01759    0.1657      1433       640    0.1267    0.4567   0.09362   0.01897    0.0203    0.1774   0.01781
     33/49     1.63G   0.02035     0.125   0.01765     0.163      1065       640    0.1321     0.473    0.1003   0.04656   0.01526    0.1617   0.01782
     34/49     1.63G   0.02015    0.1202   0.01755    0.1579      1006       640    0.1359    0.4854    0.1022   0.06065   0.01292      0.14    0.0178
     35/49     1.63G   0.01903     0.114   0.01752    0.1505      1082       640    0.1431    0.5119    0.1275   0.06778   0.01415    0.1401   0.01773
     36/49     1.63G    0.0173    0.1183   0.01757    0.1532       604       640     0.138    0.5065    0.1152   0.06026    0.0133    0.1404   0.01776
     37/49     1.63G   0.01854    0.1109   0.01753    0.1469      1090       640    0.1351    0.5119    0.1246    0.0766   0.01301    0.1374    0.0177
     38/49     1.63G   0.01857    0.1117   0.01749    0.1478      1091       640    0.1523    0.5172    0.1292   0.08312   0.01177    0.1301   0.01772
     39/49     1.63G   0.01787    0.1097   0.01749    0.1451      1189       640    0.1428    0.5109    0.1217   0.05998   0.01491    0.1528   0.01773
     40/49     1.63G   0.01713    0.1114   0.01747     0.146      1065       640    0.1464    0.5058    0.1259    0.0792   0.01225    0.1318   0.01775
     41/49     1.63G   0.01541    0.1051   0.01749     0.138       916       640    0.1429    0.5013    0.1231   0.08271   0.01153    0.1396   0.01775
     42/49     1.63G   0.01616    0.1043   0.01746    0.1379      1168       640    0.1566    0.5151    0.1374   0.08906   0.01188    0.1305   0.01773
     43/49     1.63G   0.01587    0.1078   0.01747    0.1412       993       640    0.1497    0.5102     0.129   0.08387   0.01176    0.1319   0.01773
     44/49     1.63G    0.0157    0.1097    0.0174    0.1428      1055       640    0.1627    0.5287    0.1407    0.1004   0.01065    0.1193   0.01771
     45/49     1.63G   0.01537    0.1045   0.01743    0.1373      1206       640    0.1709    0.5383    0.1486    0.1093   0.01059    0.1171   0.01768
     46/49     1.63G   0.01577    0.1062   0.01743    0.1394      1353       640    0.1657    0.5408    0.1447   0.09935   0.01108    0.1191   0.01767
     47/49     1.63G   0.01648    0.1044    0.0174    0.1383      1317       640    0.1641    0.5015    0.1358   0.09808   0.01053    0.1216   0.01769
     48/49     1.63G   0.01652    0.1047   0.01734    0.1386      1216       640    0.1719    0.5453    0.1491    0.1065   0.01073    0.1152   0.01769
     49/49     1.63G   0.01551    0.1054   0.01734    0.1383      1248       640    0.1773    0.5582    0.1587    0.1158   0.01037    0.1161   0.01765
