     0/499     3.46G     0.047   0.09638   0.01967    0.1631      1076       640         0         0         0         0   0.04685   0.08908    0.0196
     1/499     2.89G   0.04677   0.07943   0.01949    0.1457      1025       640  0.002606  0.004627 0.0001412 1.666e-05   0.04615   0.07569   0.01968
     2/499     2.89G     0.046   0.07502   0.01927    0.1403      1354       640  0.006245   0.01848 0.0003581   5.5e-05   0.04503   0.07903   0.02001
     3/499     2.89G   0.04392   0.08097   0.01909     0.144      1163       640   0.02086    0.0679  0.003255 0.0006345   0.04188   0.09374   0.01949
     4/499     2.89G   0.04051   0.09215   0.01874    0.1514      1415       640   0.04594    0.2158   0.02024  0.004109   0.03529    0.1214   0.01906
     5/499     2.89G    0.0363    0.1124   0.01846    0.1672      1408       640   0.06703    0.2942   0.04222   0.01112   0.02951    0.1407   0.01862
     6/499     2.89G   0.03229    0.1234   0.01817    0.1739      1103       640   0.06818     0.244   0.02268  0.004327   0.02763     0.152   0.01841
     7/499     2.89G   0.03045    0.1282   0.01796    0.1766      1304       640    0.0732     0.254   0.02831  0.006184   0.02668    0.1665   0.01818
     8/499     2.89G   0.02797    0.1417   0.01799    0.1876       973       640    0.0995    0.3084   0.04348  0.009413   0.02519    0.1585   0.01817
     9/499     2.89G   0.02804    0.1447   0.01791    0.1907      1168       640   0.08125    0.2417   0.02783   0.00511   0.02461    0.1684   0.01815
    10/499     2.89G    0.0274     0.136    0.0179    0.1813      1256       640   0.08242    0.2978   0.04035   0.01217   0.02302    0.1681   0.01812
    11/499     2.89G    0.0295     0.138   0.01781    0.1853      1574       640   0.02698   0.07102  0.004329  0.001158    0.0288    0.1737   0.01804
    12/499     2.89G   0.02831    0.1346   0.01781    0.1807      1024       640    0.1019    0.3178   0.04823   0.01034   0.02193    0.2031   0.01813
    13/499     2.89G   0.02572    0.1425   0.01785    0.1861      1158       640    0.1277    0.4195   0.08024    0.0204   0.01959     0.166   0.01809
    14/499     2.89G   0.02546    0.1392   0.01779    0.1825      1021       640   0.03717    0.1425   0.01022  0.001453   0.02476    0.1897   0.01809
    15/499     2.89G   0.02642    0.1518   0.01783     0.196      1349       640  0.002424  0.007339 7.332e-05 1.662e-05    0.0339    0.1385   0.01798
    16/499     2.89G   0.02821    0.1417   0.01783    0.1878      1313       640   0.09431    0.2914   0.04073   0.00895   0.02253    0.1746   0.01797
    17/499     2.89G   0.02571    0.1412   0.01781    0.1848      1113       640    0.1314    0.4396   0.08815   0.02233   0.01945    0.1716   0.01797
    18/499     2.89G   0.02572    0.1325   0.01775     0.176       895       640   0.04413    0.1585   0.00979  0.002856   0.02304    0.1791   0.01793
    19/499     2.89G   0.02533    0.1336   0.01777    0.1767      1059       640      0.12     0.405   0.07793     0.014   0.02262    0.1664    0.0179
    20/499     2.89G   0.02713    0.1349   0.01775    0.1798      1457       640   0.06104    0.2793   0.03193  0.005649   0.02088    0.1675   0.01793
    21/499     2.89G   0.02683    0.1326   0.01771    0.1771       917       640   0.01569  0.006397 0.0009022 9.626e-05   0.02622    0.1855   0.01788
    22/499     2.89G   0.02452    0.1236   0.01771    0.1658       907       640   0.09183    0.3406   0.05652   0.01011   0.02127    0.1611   0.01786
    23/499     2.89G   0.02469    0.1284   0.01764    0.1707       996       640    0.1272    0.4689   0.09181   0.03331   0.01779     0.166   0.01787
    24/499     2.89G   0.02765    0.1332   0.01769    0.1785       866       640    0.2428    0.3375   0.08279   0.02957   0.02379    0.2106   0.01787
    25/499     2.89G   0.02406    0.1308   0.01766    0.1726       977       640    0.1093    0.1879   0.02246  0.003701   0.02404    0.2133   0.01782
    26/499     2.89G   0.02479    0.1379   0.01767    0.1803       783       640    0.1181    0.4585   0.09512   0.03522   0.01787    0.1679   0.01779
    27/499     2.89G    0.0229    0.1338   0.01766    0.1743      1340       640   0.09913    0.3453   0.05983   0.01354   0.02216      0.21   0.01783
    28/499     2.89G   0.02466    0.1312   0.01761    0.1735      1198       640    0.1436    0.4497    0.1028   0.03154   0.01808    0.1856   0.01768
    29/499     2.89G   0.02372    0.1397   0.01765    0.1811      1013       640    0.1098    0.3727   0.07761   0.01532   0.02504     0.211    0.0176
    30/499     2.89G   0.02512    0.1461   0.01763    0.1888      1255       640    0.1055    0.3896   0.07286   0.01311   0.02259    0.1864   0.01766
    31/499     2.89G   0.02412    0.1441   0.01764    0.1858       872       640    0.1127    0.4132   0.08007   0.03231   0.01629     0.179   0.01784
    32/499     2.89G   0.02254    0.1341   0.01765    0.1743      1433       640    0.2572    0.4399    0.1009   0.02909   0.01957    0.1767   0.01773
    33/499     2.89G   0.02177    0.1332   0.01767    0.1727      1065       640   0.07173    0.2805   0.03619  0.005115   0.02496     0.219   0.01782
    34/499     2.89G   0.02443    0.1407   0.01757    0.1827      1006       640    0.1457    0.4061   0.09112    0.0327   0.02177    0.2091   0.01732
    35/499     2.89G   0.02199    0.1276   0.01754    0.1671      1082       640    0.1638    0.4621    0.1037   0.04911   0.01746    0.1785    0.0175
    36/499     2.89G    0.0212    0.1409   0.01759    0.1797       604       640     0.121    0.4564   0.09464   0.04103   0.01733    0.1699   0.01756
    37/499     2.89G   0.02111    0.1235   0.01754    0.1622      1090       640    0.1263    0.5005    0.1106   0.06179   0.01489    0.1553   0.01771
    38/499     2.89G    0.0208    0.1217   0.01752    0.1601      1091       640    0.1352    0.4912    0.1077   0.05167   0.01535    0.1504   0.01772
    39/499     2.89G   0.01974    0.1183   0.01753    0.1556      1189       640    0.1281    0.5121    0.1247   0.07734   0.01401    0.1492   0.01759
    40/499     2.89G   0.02025    0.1238    0.0175    0.1616      1065       640    0.1774    0.4364    0.1006   0.05353   0.01792    0.2173   0.01724
    41/499     2.89G   0.01934    0.1236    0.0175    0.1604       916       640    0.2806    0.5055    0.1202    0.0627   0.01453    0.1612   0.01741
    42/499     2.89G    0.0211    0.1242   0.01748    0.1628      1168       640    0.1366    0.4703    0.1265   0.07703   0.01293    0.1524    0.0176
    43/499     2.89G   0.01976    0.1283   0.01744    0.1655       993       640    0.1246    0.4845    0.1198   0.04148   0.02005    0.1773   0.01725
    44/499     2.89G   0.02017    0.1319   0.01736    0.1695      1055       640    0.1422    0.5273    0.1258   0.07033   0.01374    0.1441   0.01752
    45/499     2.89G   0.01855    0.1228   0.01739    0.1587      1206       640    0.1321    0.4873    0.1187   0.06869   0.01395    0.1654   0.01719
    46/499     2.89G   0.02014    0.1286   0.01737    0.1661      1353       640    0.1782    0.5301    0.1295     0.075   0.01489    0.1553    0.0172
    47/499     2.89G   0.01959    0.1197   0.01737    0.1566      1317       640    0.1387    0.5136     0.119   0.05931   0.01454    0.1589   0.01746
    48/499     2.89G   0.01998    0.1208    0.0173    0.1581      1216       640    0.1633     0.515    0.1284   0.08138   0.01187    0.1319   0.01765
    49/499     2.89G   0.01857    0.1213   0.01731    0.1571      1248       640     0.187    0.5671    0.1553    0.0995   0.01175    0.1302   0.01746
    50/499     2.89G   0.01727    0.1129    0.0173    0.1475      1259       640    0.1884    0.5744    0.1637    0.1009   0.01233    0.1351   0.01743
    51/499     2.89G   0.01869    0.1183   0.01715    0.1542      1282       640    0.1742    0.4622     0.149   0.08463   0.01411    0.1575   0.01703
    52/499     2.89G   0.01683    0.1141   0.01723    0.1481      1002       640    0.2112    0.5604    0.1839     0.112   0.01226    0.1312   0.01735
    53/499     2.89G   0.01829     0.116   0.01715    0.1515      1302       640    0.2078    0.5912     0.206    0.1173   0.01307    0.1341   0.01719
    54/499     2.89G   0.01786    0.1105    0.0171    0.1454      1106       640    0.2084    0.5647    0.2034   0.09525   0.01429    0.1475   0.01717
    55/499     2.89G   0.01834     0.115   0.01706    0.1504      1042       640    0.3532    0.6011    0.2013    0.1231   0.01269    0.1267   0.01703
    56/499     2.89G   0.01791    0.1113     0.017    0.1463      1006       640    0.2202    0.5501    0.2105    0.1417   0.01092    0.1285   0.01704
    57/499     2.89G   0.01756    0.1087   0.01704    0.1433      1214       640    0.2088    0.6117    0.2021     0.137   0.01067    0.1166   0.01712
    58/499     2.89G    0.0168    0.1131   0.01695    0.1469      1001       640     0.215    0.6018    0.2184    0.1068   0.01569    0.1497   0.01684
    59/499     2.89G   0.01945    0.1171   0.01692    0.1535      1198       640    0.2207    0.6384    0.2306    0.1598   0.01038    0.1243   0.01692
    60/499     2.89G   0.01673    0.1085   0.01701    0.1423      1249       640    0.2206    0.6363    0.2161    0.1444   0.01042    0.1208   0.01697
    61/499     2.89G   0.01647     0.109   0.01688    0.1424      1543       640    0.2089    0.6205    0.1994    0.1157   0.01249    0.1259   0.01707
    62/499     2.89G   0.01854     0.112   0.01684    0.1474       946       640    0.2139    0.6418    0.2255    0.1248   0.01169    0.1425   0.01683
    63/499     2.89G   0.01837    0.1126   0.01677    0.1477       929       640    0.2118    0.6492    0.2097    0.1396   0.01034    0.1141   0.01692
    64/499     2.89G   0.01609    0.1055   0.01679    0.1384      1027       640    0.2059    0.6602    0.1969    0.1184   0.01246    0.1299   0.01701
    65/499     2.89G   0.01815    0.1185   0.01672    0.1534      1252       640    0.2232    0.6447    0.2398    0.1357   0.01321    0.1267   0.01662
    66/499     2.89G   0.01716    0.1066   0.01678    0.1405       984       640    0.3632    0.6286    0.2093    0.1299   0.01152    0.1196   0.01689
    67/499     2.89G   0.01643    0.1097   0.01676    0.1429      1245       640    0.2649    0.7095     0.236    0.1112   0.01387    0.1187   0.01668
    68/499     2.89G   0.01735    0.1074   0.01662    0.1414       971       640    0.2233    0.6944     0.247    0.1635    0.0102     0.103   0.01659
    69/499     2.89G   0.01653    0.1083   0.01653    0.1414       930       640    0.2061    0.5819    0.2084    0.1083   0.01305    0.1374   0.01631
    70/499     2.89G   0.01737    0.1138    0.0165    0.1477      1299       640    0.3613    0.7105    0.2424     0.155   0.01093    0.1097   0.01647
    71/499     2.89G    0.0174    0.1104   0.01651    0.1443      1101       640    0.3162     0.704    0.2513    0.1565    0.0109    0.1103   0.01656
    72/499     2.89G   0.01693     0.109   0.01642    0.1423      1219       640     0.269    0.7316    0.2525    0.1405   0.01358    0.1113   0.01652
    73/499     2.89G   0.01656    0.1083   0.01642    0.1412      1037       640    0.2629    0.7238    0.2435    0.1638   0.01007    0.1005   0.01653
    74/499     2.89G   0.01599    0.1039   0.01646    0.1364      1054       640    0.2482    0.6743    0.2138    0.1363   0.01082    0.1077   0.01668
    75/499     2.89G   0.01703    0.1053    0.0163    0.1386      1016       640    0.2761    0.7394    0.2612    0.1796   0.01038    0.1067    0.0163
    76/499     2.89G   0.01675    0.1054   0.01628    0.1384      1106       640     0.277    0.7369    0.2638    0.1681   0.01028   0.09872   0.01631
    77/499     2.89G   0.01643    0.1078    0.0164    0.1406       995       640    0.3653    0.6537    0.2374    0.1549   0.01094    0.1183   0.01651
    78/499     2.89G   0.01557    0.1022   0.01631     0.134       747       640    0.2926    0.7523    0.2674    0.1779  0.009966   0.09892    0.0162
    79/499     2.89G   0.01684    0.1026   0.01624    0.1357      1133       640    0.3708    0.7019    0.2622    0.1762   0.01031    0.1049   0.01617
    80/499     2.89G   0.01577    0.1062   0.01613    0.1381       797       640    0.2618     0.742    0.2589    0.1588   0.01148    0.1043   0.01633
    81/499     2.89G   0.01598    0.1023   0.01623    0.1345       851       640    0.2767    0.7362    0.2611    0.1778   0.01023    0.1068     0.016
    82/499     2.89G   0.01608    0.1105   0.01609    0.1427      1083       640    0.2786    0.7355    0.2472    0.1354   0.01279    0.1485   0.01618
    83/499     2.89G    0.0167    0.1053   0.01605    0.1381      1742       640     0.268    0.7514    0.2624    0.1598   0.01142    0.1123   0.01602
    84/499     2.89G   0.01628    0.1068   0.01608    0.1391      1110       640    0.2715    0.7433     0.256    0.1711   0.01012    0.1148   0.01616
    85/499     2.89G   0.01618    0.1041    0.0161    0.1364      1187       640    0.2697    0.7717    0.2821    0.1636   0.01159    0.1037   0.01598
    86/499     2.89G   0.01532    0.1043   0.01601    0.1356      1336       640    0.2682    0.7525    0.2635    0.1833   0.01091    0.1009   0.01601
    87/499     2.89G    0.0153    0.1037   0.01597    0.1349       892       640    0.2774    0.7726    0.2847    0.1884   0.01119   0.09915   0.01598
    88/499     2.89G   0.01592   0.09954   0.01593    0.1314       968       640    0.2659    0.7747    0.2791    0.2079  0.009547   0.09103   0.01598
    89/499     2.89G    0.0158    0.1036     0.016    0.1354       945       640    0.2683    0.7693    0.2802    0.1603   0.01169    0.1029   0.01591
    90/499     2.89G   0.01548    0.1018   0.01589    0.1332       920       640    0.2746    0.7637    0.2754    0.1871   0.01024     0.104   0.01609
    91/499     2.89G   0.01554    0.1029   0.01582    0.1343      1049       640    0.2739    0.7497    0.2736     0.179   0.01081    0.1113   0.01576
    92/499     2.89G   0.01752    0.1071   0.01582    0.1404      1127       640    0.2747     0.763    0.2727    0.1806    0.0103    0.1033    0.0158
    93/499     2.89G    0.0161    0.1066   0.01588    0.1386       941       640    0.2718    0.7608    0.2744    0.1923   0.00981    0.1078   0.01595
    94/499     2.89G    0.0158    0.1082   0.01576    0.1397       912       640    0.2707    0.7391    0.2641    0.1836   0.01014   0.09695   0.01624
    95/499     2.89G   0.01589     0.104   0.01587    0.1358       780       640    0.2732    0.7599    0.2727    0.1862   0.01007    0.1011   0.01614
    96/499     2.89G   0.01608    0.1064   0.01582    0.1383      1073       640    0.2717    0.7716    0.2735    0.1892   0.01007   0.09715   0.01602
    97/499     2.89G   0.01468   0.09636   0.01579    0.1268      1649       640    0.2666    0.7925    0.2799       0.2  0.009673   0.09143     0.016
    98/499     2.89G   0.01542    0.1038   0.01575    0.1349       877       640    0.2703    0.7994    0.2927    0.2056  0.009912   0.08923   0.01601
    99/499     2.89G   0.01436    0.1004   0.01569    0.1304      1015       640    0.2626    0.7572    0.2666    0.1962  0.009263   0.08987   0.01618
   100/499     2.89G   0.01511    0.1065   0.01567    0.1373       755       640    0.2835     0.816    0.3034    0.2231  0.009265   0.09862   0.01563
   101/499     2.89G   0.01474   0.09846   0.01561    0.1288      1413       640    0.2817    0.7953    0.2989    0.1953   0.01061    0.1063   0.01546
   102/499     2.89G   0.01538   0.09799   0.01556    0.1289       728       640    0.2801    0.8122    0.2979     0.219  0.009345   0.08825   0.01556
   103/499     2.89G    0.0159   0.09859   0.01558    0.1301      1382       640    0.2758    0.8062    0.2866    0.2147  0.009087   0.09221   0.01588
   104/499     2.89G   0.01515     0.103   0.01564    0.1338      1099       640    0.2767    0.8057    0.2876     0.195   0.01004   0.09094   0.01576
   105/499     2.89G    0.0159    0.1113   0.01551    0.1427      1007       640    0.2746     0.796    0.2856    0.1579   0.01287    0.1109   0.01558
   106/499     2.89G    0.0165    0.1137   0.01572    0.1459      1574       640    0.2804     0.778    0.2758    0.2035  0.009507    0.1031   0.01608
   107/499     2.89G   0.01363   0.09767   0.01584    0.1271       728       640    0.2771    0.7482    0.2635    0.1692   0.01058    0.1092   0.01627
   108/499     2.89G   0.01477    0.1001   0.01558    0.1304      1264       640     0.276    0.7958    0.2944    0.1942   0.01078    0.1079   0.01534
   109/499     2.89G   0.01593    0.1044   0.01556    0.1359      1169       640     0.287    0.8214    0.3095    0.2069   0.01053    0.1037   0.01548
   110/499     2.89G    0.0152   0.09677    0.0156    0.1276       933       640     0.275    0.7965    0.2781    0.2128  0.008849   0.09604   0.01595
   111/499     2.89G   0.01402    0.0989    0.0158    0.1287       795       640    0.2794    0.7984    0.2895    0.2051  0.009909   0.09482   0.01592
   112/499     2.89G   0.01477    0.1029   0.01555    0.1333      1081       640    0.2974    0.7957    0.2967    0.2086   0.01004    0.1136   0.01574
   113/499     2.89G   0.01549   0.09989   0.01546    0.1308      1145       640    0.2806    0.8095    0.2959    0.2166  0.009693   0.09279   0.01571
   114/499     2.89G   0.01544   0.09937   0.01548    0.1303      1083       640    0.2652    0.7681    0.2613    0.1739   0.01037    0.1004   0.01604
   115/499     2.89G   0.01614    0.1008   0.01559    0.1325      1198       640     0.276    0.8036    0.2868    0.2127   0.00916   0.08704   0.01582
   116/499     2.89G   0.01485   0.09717   0.01552    0.1275       760       640    0.2895    0.8265    0.3123    0.2317  0.009262   0.08325   0.01561
   117/499     2.89G   0.01412   0.09812   0.01538    0.1276      1096       640    0.2822    0.8114    0.3109    0.2303  0.009292   0.09806   0.01525
   118/499     2.89G   0.01484       0.1    0.0154    0.1302      1136       640    0.2793    0.8265    0.3039    0.2195  0.009523    0.1013   0.01547
   119/499     2.89G    0.0141   0.09794   0.01549    0.1275       813       640    0.2884    0.7909    0.2961    0.2274  0.009777   0.09277   0.01578
   120/499     2.89G   0.01449   0.09915   0.01539     0.129      1121       640    0.2902    0.8002    0.2993    0.2218  0.009078   0.09167   0.01574
   121/499     2.89G   0.01442   0.09628   0.01536    0.1261      1324       640    0.2835    0.8525    0.3199    0.2267   0.00984   0.08957   0.01532
   122/499     2.89G   0.01513    0.1013   0.01532    0.1317       887       640    0.2813    0.8195    0.2903    0.2138  0.009021   0.08553   0.01582
   123/499     2.89G    0.0149     0.099   0.01536    0.1293      1133       640    0.2807     0.816    0.2983    0.2238  0.008907   0.08851    0.0156
   124/499     2.89G   0.01474   0.09644    0.0153    0.1265       912       640     0.272    0.7807    0.2681     0.193   0.00934   0.08315   0.01615
   125/499     2.89G   0.01544    0.1009   0.01531    0.1317      1639       640    0.2874    0.8236    0.2989    0.2242  0.009079   0.08468   0.01566
   126/499     2.89G   0.01345   0.09662   0.01526    0.1253       909       640     0.294    0.7956    0.3096    0.2245  0.009466   0.08638    0.0155
   127/499     2.89G   0.01465   0.09446   0.01522    0.1243       903       640    0.2832    0.8255    0.3081     0.231  0.009046   0.08231   0.01558
   128/499     2.89G   0.01423   0.09858   0.01524     0.128       834       640    0.2921    0.8043    0.3167    0.2423  0.008581   0.08301   0.01548
   129/499     2.89G    0.0143   0.09448   0.01517    0.1239      1036       640    0.3061    0.7715    0.3238    0.2518  0.008805   0.08209    0.0154
   130/499     2.89G   0.01351   0.09606    0.0151    0.1247      1360       640    0.2906     0.806    0.3045    0.2358  0.008768    0.0829   0.01562
   131/499     2.89G   0.01404    0.0948   0.01505    0.1239      1004       640    0.2928    0.8017    0.3045    0.2299   0.00912   0.08046   0.01561
   132/499     2.89G   0.01432   0.09863   0.01516    0.1281       990       640    0.2987    0.7882    0.3184    0.2427   0.00894   0.08215   0.01522
   133/499     2.89G   0.01404   0.09301   0.01515    0.1222       979       640    0.3025    0.7959    0.3207    0.2487  0.008658   0.08416   0.01539
   134/499     2.89G     0.015    0.1003   0.01516    0.1305       962       640      0.31    0.8075    0.3297    0.2544  0.008724   0.08389    0.0155
   135/499     2.89G   0.01495     0.097   0.01513    0.1271      1279       640    0.3224    0.7955    0.3489    0.2526  0.009289   0.08542   0.01524
   136/499     2.89G   0.01444   0.09943    0.0151     0.129       704       640    0.3198    0.7579    0.3264    0.2543  0.008575   0.08439   0.01531
   137/499     2.89G   0.01426    0.1026   0.01506    0.1319      1321       640     0.318    0.8094    0.3505    0.2629  0.009062    0.0902   0.01523
   138/499     2.89G   0.01387    0.0911   0.01494    0.1199      1337       640    0.3131      0.82    0.3769     0.289  0.008852   0.08273   0.01481
   139/499     2.89G   0.01424   0.09611   0.01493    0.1253      1476       640    0.3223    0.7957    0.3796    0.2574  0.009571   0.08529   0.01483
   140/499     2.89G   0.01421    0.1016   0.01494    0.1308      1140       640    0.3181    0.8081     0.376    0.2835  0.009161    0.0831   0.01499
   141/499     2.89G   0.01525   0.09925   0.01492    0.1294       869       640    0.3253    0.7951    0.3552    0.2556   0.00942   0.08719   0.01525
   142/499     2.89G   0.01457   0.09678   0.01489    0.1262      1094       640    0.3275    0.7922     0.374    0.2753  0.009714   0.08544   0.01489
   143/499     2.89G   0.01433   0.09472   0.01478    0.1238      1379       640     0.308    0.8369    0.3911    0.2812  0.009219   0.08422   0.01473
   144/499     2.89G   0.01335   0.09168   0.01472    0.1198       979       640    0.3086    0.8271    0.3967    0.2983  0.008944   0.08158   0.01473
   145/499     2.89G   0.01408   0.08894   0.01476    0.1178      1479       640    0.3252    0.7959    0.3753    0.2664  0.009735   0.08287   0.01524
   146/499     2.89G   0.01368   0.09319   0.01473    0.1216      1477       640    0.3253    0.7385    0.3602     0.277  0.009089   0.08414   0.01541
   147/499     2.89G   0.01351    0.0914   0.01467    0.1196       914       640    0.3359    0.7516    0.3848    0.2861  0.008914   0.08309   0.01495
   148/499     2.89G   0.01359   0.09482   0.01458     0.123      1116       640    0.3451    0.7702    0.3993    0.3122  0.008454   0.08018   0.01461
   149/499     2.89G   0.01455   0.09711   0.01462    0.1263       917       640    0.3458    0.7666    0.3826     0.278  0.009126   0.08401   0.01503
   150/499     2.89G   0.01449   0.09192   0.01461     0.121      1062       640    0.3357    0.7768    0.3922     0.297   0.00899   0.08518   0.01478
   151/499     2.89G   0.01382   0.09397   0.01462    0.1224       685       640    0.3369    0.7952    0.4167     0.322  0.008742   0.07929   0.01452
   152/499     2.89G   0.01446   0.09209   0.01459    0.1211      1265       640    0.3335    0.7729    0.3968    0.2975  0.008729   0.08776   0.01483
   153/499     2.89G   0.01369    0.0921   0.01451    0.1203      1348       640    0.3218    0.7981    0.4029    0.3138  0.008976   0.08156   0.01455
   154/499     2.89G   0.01399   0.09105   0.01448    0.1195       988       640    0.3317    0.8015    0.4064    0.3011  0.008882   0.08003   0.01467
   155/499     2.89G   0.01427    0.0919   0.01442    0.1206      1748       640     0.334    0.8283    0.4188    0.3053  0.009364   0.08082   0.01444
   156/499     2.89G   0.01362   0.09191   0.01443      0.12      1287       640    0.3341    0.7871     0.414    0.2894  0.009634    0.0817   0.01451
   157/499     2.89G    0.0139   0.09596   0.01443    0.1243      1371       640    0.3192     0.826    0.4111    0.2901  0.009938   0.08563   0.01437
   158/499     2.89G   0.01393   0.09976   0.01447    0.1282       851       640    0.3392    0.8005    0.4126    0.3203  0.008642   0.07983   0.01453
   159/499     2.89G   0.01388   0.09384   0.01452    0.1222      1252       640    0.3371    0.8069    0.4171    0.2873   0.01048   0.09382   0.01454
   160/499     2.89G   0.01389   0.09423   0.01441    0.1225       959       640    0.3488    0.7941    0.4201    0.3312   0.00831   0.08161   0.01442
   161/499     2.89G     0.014   0.09435   0.01439    0.1227       983       640     0.363    0.8098    0.4162    0.3341  0.008383   0.08128   0.01469
   162/499     2.89G   0.01384   0.09157   0.01442    0.1198      1283       640    0.3656    0.6944    0.3859    0.3057  0.008489   0.08437   0.01525
   163/499     2.89G   0.01418   0.09136   0.01432    0.1199      1303       640    0.3538    0.7699    0.4114    0.3101  0.009349   0.08253   0.01476
   164/499     2.89G   0.01363   0.09006   0.01417    0.1179       675       640    0.3635    0.7502    0.4154    0.3027   0.00896   0.08104   0.01448
   165/499     2.89G   0.01566   0.09481   0.01426    0.1247      1455       640    0.3466    0.7772    0.4275    0.3021  0.009592   0.08541    0.0142
   166/499     2.89G   0.01534   0.09786   0.01418    0.1274      1417       640    0.3506    0.8386    0.4429    0.3484  0.008627   0.08276   0.01394
   167/499     2.89G   0.01353   0.08985   0.01415    0.1175       971       640    0.3704    0.8352    0.4418     0.341  0.008411   0.07821   0.01422
   168/499     2.89G   0.01365   0.09021    0.0141     0.118      1311       640    0.3848    0.8144    0.4246    0.3315  0.008287   0.08102   0.01435
   169/499     2.89G   0.01368   0.09005    0.0141    0.1178      1096       640    0.3344    0.8515    0.4353    0.3405  0.008344   0.07745   0.01398
   170/499     2.89G   0.01346   0.09585   0.01393    0.1232       677       640    0.3371    0.8411    0.4311     0.338   0.00867   0.07806    0.0141
   171/499     2.89G   0.01363   0.09164    0.0141    0.1194       981       640    0.3545    0.7999    0.4119    0.3242  0.008567   0.07607   0.01452
   172/499     2.89G   0.01334   0.08964   0.01405     0.117      1108       640    0.3676    0.8426    0.4346    0.3356  0.008486   0.07568   0.01407
   173/499     2.89G   0.01374   0.08888   0.01411    0.1167       759       640    0.3673    0.8296    0.4527     0.361  0.008037   0.07364   0.01377
   174/499     2.89G   0.01372    0.0893   0.01407    0.1171      1146       640    0.3512    0.8276    0.4495     0.349  0.008734   0.07766    0.0137
   175/499     2.89G   0.01346   0.09068   0.01401    0.1181      1122       640    0.3642    0.7476    0.4159    0.3298  0.008201   0.07391    0.0148
   176/499     2.89G   0.01398    0.0913   0.01395    0.1192       860       640    0.3737    0.8128    0.4489    0.3358  0.008789   0.07736     0.014
   177/499     2.89G   0.01426   0.09283    0.0141    0.1212      1047       640    0.3633    0.7899    0.4403    0.3415   0.00845   0.07889   0.01384
   178/499     2.89G    0.0141   0.09198   0.01395      0.12      1538       640    0.3427    0.8491    0.4523    0.3328  0.009782   0.08178   0.01382
   179/499     2.89G   0.01354   0.08719   0.01389    0.1146      1272       640    0.3656    0.8128     0.461    0.3667  0.008231   0.07665   0.01403
   180/499     2.89G   0.01294   0.08583   0.01385    0.1126      1039       640    0.3585    0.7972     0.445    0.3547  0.008019   0.07602   0.01411
   181/499     2.89G   0.01309   0.09024   0.01374    0.1171      1244       640    0.3526    0.8137    0.4443    0.3557  0.008009   0.07562   0.01393
   182/499     2.89G   0.01303    0.0899   0.01386    0.1168      1205       640    0.3487    0.8031    0.4502    0.3508  0.008406     0.077   0.01408
   183/499     2.89G     0.013    0.0895   0.01377    0.1163      1281       640    0.3696    0.7546    0.4473    0.3444   0.00846   0.07525   0.01397
   184/499     2.89G   0.01361   0.09116   0.01371    0.1185      1702       640    0.3708    0.8115    0.4613    0.3554   0.00876   0.07798   0.01369
   185/499     2.89G   0.01328   0.09876   0.01365    0.1257       968       640    0.3731    0.8164    0.4556     0.341  0.008781   0.08282   0.01354
   186/499     2.89G   0.01351   0.09195    0.0138    0.1193       956       640    0.3763    0.7982     0.454    0.3394  0.008683   0.08297   0.01365
   187/499     2.89G   0.01344   0.08975   0.01378     0.117       946       640    0.3801    0.8066    0.4547    0.3586  0.008222   0.07939     0.014
   188/499     2.89G   0.01246   0.08674   0.01376     0.113      1585       640     0.376    0.8012    0.4738    0.3803   0.00802   0.08369   0.01362
   189/499     2.89G   0.01203    0.0871   0.01357    0.1127      1124       640    0.3599    0.8305    0.4788    0.3671  0.008787   0.08553   0.01336
   190/499     2.89G   0.01326   0.08923   0.01369    0.1162      1153       640    0.3734    0.7777    0.4737    0.3836  0.007986    0.0792   0.01353
   191/499     2.89G   0.01299   0.09257   0.01362    0.1192      1040       640    0.3734    0.7557    0.4804    0.3873  0.008158   0.07636   0.01368
   192/499     2.89G   0.01288   0.09086    0.0136    0.1173      1052       640    0.3679    0.8046    0.4615     0.352  0.008919   0.07946   0.01356
   193/499     2.89G   0.01387    0.0875   0.01367     0.115      1362       640    0.3964     0.745    0.4716    0.3763  0.007975   0.07247    0.0138
   194/499     2.89G   0.01378   0.09667    0.0136    0.1241      1171       640    0.3896    0.7896    0.4742    0.3575  0.008982     0.104   0.01359
   195/499     2.89G   0.01378    0.0971   0.01375    0.1246       650       640    0.3797    0.7605    0.4629    0.3697  0.008109   0.08602   0.01367
   196/499     2.89G   0.01332   0.09019   0.01368    0.1172       840       640    0.3788    0.7265    0.4435    0.3417  0.008469   0.07612   0.01417
   197/499     2.89G   0.01287   0.09536    0.0136    0.1218       919       640    0.4011    0.7033    0.4866    0.3919  0.008219   0.07637   0.01381
   198/499     2.89G   0.01297   0.08908   0.01349    0.1155      1221       640     0.367      0.84    0.4956    0.3957  0.007957   0.08098   0.01332
   199/499     2.89G   0.01294   0.09222   0.01341    0.1186       764       640    0.3523    0.8584    0.4933    0.3892  0.008197   0.08753   0.01359
   200/499     2.89G   0.01358   0.09753   0.01364    0.1247      1022       640    0.4052       0.8    0.4845    0.3921  0.007883    0.0861   0.01379
   201/499     2.89G   0.01334   0.09492   0.01352    0.1218      1052       640    0.4181    0.7915    0.4541    0.3593  0.008679   0.08995   0.01411
   202/499     2.89G    0.0131   0.08823   0.01357    0.1149      1069       640    0.3854    0.7735    0.4709    0.3831  0.007916   0.07428   0.01398
   203/499     2.89G   0.01303   0.08953   0.01362    0.1162      1102       640    0.3778    0.8134    0.4858    0.3751  0.008484   0.07693   0.01362
   204/499     2.89G   0.01466   0.09636   0.01362    0.1246      1258       640    0.4009    0.7776    0.4886    0.3926  0.008018   0.07482   0.01378
   205/499     2.89G   0.01358   0.08692   0.01343    0.1139      1097       640    0.3895    0.7574    0.4757     0.367  0.008735   0.07532   0.01394
   206/499     2.89G    0.0129    0.0903   0.01332    0.1165      1191       640    0.3887    0.7661    0.4896    0.3764  0.008483   0.07547   0.01374
   207/499     2.89G   0.01322    0.0916    0.0133    0.1181       757       640    0.3856    0.7832    0.4967    0.3999  0.008085   0.07634   0.01319
   208/499     2.89G   0.01347   0.08621   0.01338    0.1131      1075       640     0.383    0.7944    0.4919    0.3893   0.00808   0.07802   0.01358
   209/499     2.89G    0.0129   0.08829   0.01332    0.1145      1042       640    0.3782    0.8349    0.5058    0.4019  0.008235   0.07788   0.01318
   210/499     2.89G    0.0125   0.09072   0.01328    0.1165      1112       640    0.3891    0.7331    0.4871    0.3885  0.008019   0.07718   0.01335
   211/499     2.89G    0.0129   0.08699   0.01324    0.1131      1049       640    0.4184    0.7859    0.4911    0.3733  0.008795   0.08498   0.01349
   212/499     2.89G   0.01245   0.08597   0.01309    0.1115      1050       640    0.4072    0.7342    0.4919     0.398  0.007865   0.08437   0.01366
   213/499     2.89G   0.01414   0.09221    0.0134    0.1197      1448       640    0.4144     0.767    0.5093    0.3936  0.008966    0.1059   0.01306
   214/499     2.89G   0.01305   0.09264   0.01337    0.1191       768       640    0.4039    0.7891    0.5295    0.4266  0.008029   0.08719   0.01319
   215/499     2.89G   0.01212   0.08512   0.01314    0.1104       991       640     0.397    0.7215    0.5094    0.4047  0.008184   0.07771   0.01364
   216/499     2.89G   0.01283   0.08666   0.01321    0.1127       815       640    0.4059    0.7164    0.5126     0.403  0.008153    0.0788   0.01331
   217/499     2.89G   0.01223   0.08326    0.0131    0.1086      1303       640    0.4459     0.707    0.5154    0.3971   0.00844   0.08899   0.01372
   218/499     2.89G   0.01255   0.08874    0.0131    0.1144       968       640    0.4271    0.7324     0.527     0.425   0.00792   0.07645   0.01338
   219/499     2.89G   0.01334   0.09368   0.01314    0.1202      1442       640    0.4381    0.7423    0.5445    0.4297  0.008061    0.0751   0.01309
   220/499     2.89G   0.01375   0.09437   0.01326    0.1214       802       640    0.4267    0.7428    0.5384     0.426  0.008021    0.0784   0.01298
   221/499     2.89G    0.0128   0.09147   0.01319    0.1175       861       640    0.4382    0.7418    0.5363    0.4137  0.008679   0.09035   0.01286
   222/499     2.89G   0.01264   0.08664   0.01318    0.1125      1721       640    0.4185    0.7392    0.5322    0.4098  0.008573   0.07917    0.0134
   223/499     2.89G   0.01342   0.09214   0.01319    0.1188      1065       640    0.4393    0.7721    0.5516    0.4437  0.007876   0.07336   0.01274
   224/499     2.89G    0.0126   0.08747   0.01307    0.1131       788       640    0.4389     0.752    0.5459    0.4304  0.008216   0.07319   0.01298
   225/499     2.89G   0.01228   0.09016     0.013    0.1154       879       640    0.4164     0.764    0.5467    0.4474  0.007727   0.07418   0.01295
   226/499     2.89G   0.01264   0.08824   0.01296    0.1138      1152       640    0.4142    0.7574    0.5516    0.4341  0.008377   0.08219   0.01297
   227/499     2.89G   0.01278   0.08957    0.0131    0.1154       833       640    0.4387    0.7664    0.5639    0.4544  0.007863   0.07361   0.01303
   228/499     2.89G   0.01266    0.0885   0.01301    0.1142      1391       640    0.4651    0.7444    0.5563    0.4499  0.008212    0.0778   0.01313
   229/499     2.89G   0.01277   0.08834   0.01307    0.1142      1168       640    0.4387    0.7037     0.533    0.4032  0.008502   0.07626   0.01359
   230/499     2.89G   0.01351   0.09433   0.01314     0.121      1095       640    0.4349    0.7846    0.5627    0.4509  0.007883   0.08866   0.01306
   231/499     2.89G   0.01155   0.08578   0.01284    0.1102      1118       640    0.4543    0.7449    0.5681     0.453  0.007806   0.07254   0.01289
   232/499     2.89G   0.01287   0.08467   0.01287    0.1104      1008       640      0.48    0.7134     0.553     0.439  0.008017   0.07685   0.01269
   233/499     2.89G    0.0127   0.09029   0.01286    0.1158       888       640     0.443    0.7593    0.5535    0.4533  0.007556   0.07257   0.01305
   234/499     2.89G   0.01145   0.08212   0.01285    0.1064      1154       640    0.4377    0.7191    0.5239    0.4222  0.007834   0.07198   0.01378
   235/499     2.89G    0.0124   0.08239   0.01292    0.1077      1637       640     0.444    0.7882    0.5701    0.4531  0.008208   0.07145   0.01288
   236/499     2.89G   0.01273   0.08617   0.01288    0.1118      1152       640    0.4693    0.7464    0.5687    0.4529  0.007839    0.0718   0.01286
   237/499     2.89G   0.01173   0.08142   0.01274    0.1059       821       640     0.471    0.6807    0.5484    0.4263  0.008344   0.07773   0.01285
   238/499     2.89G   0.01321   0.09095   0.01281     0.117      1678       640    0.4393    0.7434    0.5496    0.4281  0.008456   0.08265   0.01284
   239/499     2.89G   0.01304   0.08835   0.01295    0.1143       874       640    0.4572    0.7388    0.5654    0.4519  0.008344   0.08413   0.01294
   240/499     2.89G   0.01242   0.08371   0.01273    0.1089      1227       640    0.4479    0.7759    0.5718    0.4672  0.007623   0.07693   0.01269
   241/499     2.89G   0.01297     0.093   0.01285    0.1188      1211       640    0.4411    0.7491    0.5653    0.4593  0.007857   0.09195   0.01288
   242/499     2.89G   0.01174   0.08344   0.01276    0.1079       917       640    0.4732    0.7067    0.5731    0.4519  0.008183   0.09063    0.0129
   243/499     2.89G   0.01169   0.08176   0.01272    0.1062       710       640    0.4831    0.7297    0.5716    0.4573  0.008075   0.07946   0.01274
   244/499     2.89G   0.01288   0.09114   0.01272    0.1167      1513       640    0.4705    0.7412    0.5719     0.464  0.007593   0.07208   0.01284
   245/499     2.89G   0.01251   0.08667    0.0127    0.1119       977       640    0.4866    0.7344     0.577    0.4592  0.007896   0.07832   0.01263
   246/499     2.89G   0.01308   0.08757   0.01271    0.1134      1188       640    0.4569    0.7444    0.5705    0.4624  0.007763   0.07551   0.01289
   247/499     2.89G   0.01232   0.08496    0.0126    0.1099      1092       640    0.4832    0.7382    0.5838    0.4762  0.007643   0.07234    0.0128
   248/499     2.89G   0.01244   0.08749   0.01259    0.1125      1060       640     0.496    0.7249    0.5811    0.4754  0.007586   0.07368   0.01265
   249/499     2.89G   0.01258   0.09105    0.0128    0.1164      1233       640     0.494    0.7066    0.5756    0.4619  0.007686   0.08408   0.01273
   250/499     2.89G   0.01218   0.08504   0.01269    0.1099      1029       640    0.4795    0.6998    0.5586    0.4524  0.007722   0.08824   0.01307
   251/499     2.89G   0.01237   0.08261   0.01272    0.1077      1085       640    0.4782    0.7481    0.5463    0.4303  0.008633   0.09836   0.01327
   252/499     2.89G   0.01239   0.08609   0.01272    0.1112       939       640    0.4768    0.7677    0.5703    0.4611  0.007799    0.0776   0.01309
   253/499     2.89G   0.01221   0.08922   0.01259     0.114      1136       640    0.4846    0.7518    0.5827    0.4707  0.008007   0.08047    0.0126
   254/499     2.89G    0.0123   0.08113   0.01262     0.106       890       640    0.4633    0.7726    0.5766    0.4655  0.007676   0.08472    0.0123
   255/499     2.89G   0.01194   0.08588   0.01256    0.1104      1050       640    0.4898    0.6834    0.5749    0.4712   0.00754   0.07638   0.01256
   256/499     2.89G   0.01285   0.08871   0.01265    0.1142      1801       640    0.4839    0.6554    0.5602    0.4505  0.007956   0.08575   0.01285
   257/499     2.89G   0.01264   0.08712   0.01245    0.1122       938       640    0.4831    0.7231    0.5829    0.4762  0.007443   0.09016   0.01218
   258/499     2.89G    0.0125   0.08602   0.01237    0.1109      1030       640    0.4862    0.7391    0.5853    0.4852  0.007414   0.07456   0.01219
   259/499     2.89G   0.01229   0.08667   0.01255    0.1115       995       640    0.5023    0.7197     0.588     0.477  0.007611   0.07155    0.0124
   260/499     2.89G   0.01177   0.08255   0.01241    0.1067      1480       640    0.4848    0.7395    0.5815    0.4691   0.00781   0.06914   0.01247
   261/499     2.89G   0.01199   0.08032   0.01242    0.1047       963       640    0.5028    0.7531     0.601    0.4823  0.007735   0.06871   0.01216
   262/499     2.89G   0.01295   0.08378   0.01252    0.1093      1191       640    0.5123    0.7474    0.6021    0.4895  0.007551   0.07221   0.01228
   263/499     2.89G   0.01223   0.08701   0.01226    0.1115      1330       640    0.5005    0.7479    0.5959    0.4767  0.007734   0.07297   0.01239
   264/499     2.89G    0.0128   0.09107   0.01236    0.1162       841       640     0.518    0.7081    0.5952    0.4703  0.008052   0.07798   0.01261
   265/499     2.89G   0.01221   0.08112   0.01253    0.1059      1212       640    0.4994    0.7643    0.5949    0.4756  0.007949   0.07342   0.01221
   266/499     2.89G    0.0121   0.08636   0.01247    0.1109      1263       640    0.4835    0.7706     0.605    0.4869  0.007795   0.07851   0.01212
   267/499     2.89G   0.01196   0.08934   0.01244    0.1137      1181       640    0.4891    0.7629    0.5527    0.4464  0.007943   0.08122   0.01335
   268/499     2.89G   0.01279   0.08469   0.01225    0.1097      1093       640    0.4741    0.8071    0.5697    0.4571  0.007982   0.08035   0.01262
   269/499     2.89G   0.01219   0.08521   0.01245    0.1099      1172       640    0.5185    0.7379     0.596    0.4772  0.007883   0.07314    0.0124
   270/499     2.89G   0.01177   0.08118   0.01232    0.1053       999       640    0.5156    0.7494    0.5935    0.4761  0.007775   0.07082   0.01225
   271/499     2.89G   0.01252   0.08178   0.01247    0.1068       704       640    0.5236    0.7213    0.5959    0.4892  0.007669   0.07057   0.01218
   272/499     2.89G   0.01234   0.08281   0.01231    0.1075       952       640    0.5386    0.6871    0.5814    0.4796  0.007395   0.06913    0.0126
   273/499     2.89G   0.01253    0.0887   0.01228    0.1135      1146       640    0.5059    0.7429    0.5876    0.4677  0.007866   0.08126   0.01223
   274/499     2.89G   0.01271   0.08655   0.01238    0.1116      1210       640    0.5021     0.761     0.593     0.484  0.007628   0.08367   0.01202
   275/499     2.89G   0.01167   0.08223   0.01218    0.1061      1335       640    0.5294     0.762    0.6059    0.4899  0.007659     0.081   0.01161
   276/499     2.89G   0.01185   0.08325   0.01221    0.1073       916       640    0.5009    0.7255    0.5843    0.4742  0.007722   0.08472   0.01249
   277/499     2.89G   0.01169   0.08723   0.01205     0.111      1218       640    0.4753    0.7169    0.5556    0.4345  0.008075   0.07572   0.01316
   278/499     2.89G   0.01188   0.08411    0.0123    0.1083      1199       640    0.5023    0.7489    0.5965    0.4733  0.007876   0.07256    0.0121
   279/499     2.89G   0.01167   0.08188   0.01216    0.1057       938       640     0.526     0.686    0.6001    0.4869  0.007631   0.07295   0.01216
   280/499     2.89G   0.01214   0.08131   0.01205    0.1055      1339       640    0.4931     0.787    0.6125    0.4894  0.007741   0.07414   0.01168
   281/499     2.89G   0.01184   0.08727   0.01207    0.1112       872       640    0.5064    0.7846    0.6097    0.4921  0.007866   0.07739   0.01174
   282/499     2.89G   0.01176   0.08457    0.0121    0.1084      1437       640    0.5122     0.736    0.5994    0.4772  0.007937   0.07257   0.01211
   283/499     2.89G   0.01217   0.08731   0.01207    0.1116      1125       640    0.5269    0.7263    0.6033    0.4892  0.007517   0.07192   0.01202
   284/499     2.89G   0.01165   0.08326   0.01201    0.1069       928       640    0.5121    0.7456    0.6046    0.4869  0.007653   0.07584   0.01206
   285/499     2.89G   0.01248   0.08473   0.01211    0.1093      1136       640    0.5365    0.7491    0.6182    0.5088  0.007608   0.07498   0.01171
   286/499     2.89G   0.01201   0.08043   0.01202    0.1045      1364       640    0.5123    0.7764    0.6068    0.4985  0.007544   0.07595   0.01182
   287/499     2.89G   0.01179     0.083   0.01228    0.1071       920       640    0.5121    0.7482    0.6041    0.4976   0.00748   0.07886   0.01202
   288/499     2.89G   0.01149    0.0805   0.01189    0.1039       684       640    0.5264    0.7599    0.6145    0.5022  0.007509   0.07705   0.01165
   289/499     2.89G   0.01185   0.08314   0.01202     0.107      1311       640    0.5148     0.726    0.5962    0.4851  0.007462   0.07139   0.01235
   290/499     2.89G   0.01151   0.08465   0.01211    0.1083      1504       640    0.5017    0.7047    0.5772     0.471  0.007495    0.0697   0.01279
   291/499     2.89G   0.01215   0.08277   0.01218    0.1071      1076       640    0.5252    0.7309     0.607    0.4909  0.007596   0.07162   0.01211
   292/499     2.89G   0.01196   0.08138   0.01192    0.1053      1289       640    0.5311    0.7353    0.6185    0.5075  0.007477   0.06975   0.01183
   293/499     2.89G    0.0113   0.08029    0.0118    0.1034      1028       640    0.5198    0.7723    0.6193       0.5  0.007608   0.06796   0.01145
   294/499     2.89G   0.01159   0.08201   0.01183    0.1054      1161       640    0.5471     0.774    0.6287    0.5156  0.007588   0.06912   0.01136
   295/499     2.89G   0.01167   0.08193   0.01191    0.1055      1399       640    0.5315    0.7461    0.6245    0.4913  0.007928    0.0894   0.01174
   296/499     2.89G   0.01157    0.0816   0.01184     0.105       758       640    0.5236    0.7312    0.6094    0.4896  0.007792   0.08955   0.01218
   297/499     2.89G   0.01211   0.08428   0.01195    0.1083       987       640    0.5527    0.7323    0.6272     0.495  0.007981   0.09063   0.01153
   298/499     2.89G   0.01119   0.07948   0.01183    0.1025       917       640    0.5347    0.7127    0.6149    0.4982   0.00765   0.07754   0.01209
   299/499     2.89G   0.01131   0.08189   0.01178     0.105       645       640    0.5109    0.7432    0.6126    0.4913  0.008012   0.07383   0.01215
   300/499     2.89G   0.01203   0.08437   0.01198    0.1084       590       640    0.5288     0.699    0.5943    0.4904  0.007465   0.07288   0.01249
   301/499     2.89G   0.01127   0.08055   0.01179    0.1036      1136       640    0.5209    0.6713    0.5785    0.4621  0.008109   0.07814   0.01269
   302/499     2.89G   0.01214    0.0806   0.01197    0.1047      1144       640    0.5113    0.7384    0.6137    0.4909  0.007941   0.07478   0.01215
   303/499     2.89G   0.01216   0.08159   0.01199    0.1057       889       640    0.5251    0.6945     0.601    0.4825  0.007814   0.07179   0.01231
   304/499     2.89G   0.01184   0.08262   0.01188    0.1063      1300       640     0.502    0.8096    0.6157    0.4932  0.007754    0.0718   0.01143
   305/499     2.89G   0.01098   0.07856   0.01181    0.1014       864       640    0.5452    0.7095    0.5961    0.4789  0.007832   0.07399   0.01254
   306/499     2.89G   0.01131   0.08056   0.01164    0.1035      1238       640    0.5582    0.7566    0.6124    0.4986  0.007528   0.07266   0.01196
   307/499     2.89G   0.01161   0.07782   0.01165    0.1011       866       640    0.5614    0.7396    0.6216    0.4995   0.00761   0.07392   0.01159
   308/499     2.89G    0.0118   0.08192   0.01172    0.1054      1350       640    0.5365    0.7561     0.614    0.5076  0.007317   0.07386   0.01183
   309/499     2.89G   0.01137   0.08106   0.01186    0.1043      1356       640    0.5686    0.6984    0.6243    0.5137  0.007579   0.07543   0.01176
   310/499     2.89G   0.01104   0.07906   0.01174    0.1018       798       640    0.5381    0.7337    0.6286    0.5176   0.00748   0.07408   0.01172
   311/499     2.89G   0.01121   0.07571    0.0116   0.09852      1074       640    0.5344    0.7046    0.6227    0.5162  0.007378   0.07634   0.01177
   312/499     2.89G   0.01128   0.08087   0.01163    0.1038      1228       640    0.5099    0.7653    0.6113    0.5023  0.007374   0.07766   0.01206
   313/499     2.89G    0.0124     0.086   0.01187    0.1103      1191       640    0.5322    0.7559    0.6227    0.5031  0.008012   0.08147   0.01179
   314/499     2.89G   0.01277   0.08444   0.01198    0.1092       956       640    0.5835    0.7372    0.6343    0.5194  0.007625   0.07417   0.01149
   315/499     2.89G   0.01219   0.07813   0.01189    0.1022      1658       640    0.5667    0.7368    0.6304    0.5229  0.007397   0.07122   0.01164
   316/499     2.89G   0.01203   0.08173   0.01195    0.1057      1194       640    0.5563    0.7493    0.6268    0.5175  0.007465     0.069   0.01185
   317/499     2.89G   0.01147   0.07699   0.01174    0.1002      1109       640    0.5562    0.7204    0.6204    0.5074  0.007481   0.06899   0.01199
   318/499     2.89G   0.01141   0.08262   0.01168    0.1057       776       640    0.5222    0.7295    0.6073    0.4985  0.007552   0.06962    0.0123
   319/499     2.89G    0.0111   0.07978   0.01157    0.1025      1185       640    0.5639    0.7202    0.6381    0.5152  0.007637    0.0697   0.01151
   320/499     2.89G   0.01212   0.08036   0.01173    0.1042      1271       640    0.5736    0.7129    0.6374    0.5225  0.007481   0.07418   0.01145
   321/499     2.89G   0.01172   0.08002    0.0118    0.1035      1454       640    0.5519    0.7236    0.6275     0.518  0.007593   0.07769   0.01164
   322/499     2.89G   0.01055   0.07795   0.01147   0.09998      1054       640    0.5813    0.7306    0.6393    0.5269  0.007552   0.08065   0.01127
   323/499     2.89G   0.01102   0.08216   0.01122    0.1044       852       640     0.558    0.7117    0.6352    0.5232  0.007402   0.08196   0.01151
   324/499     2.89G   0.01129   0.08143   0.01156    0.1043      1321       640     0.575    0.6807    0.6262    0.5165  0.007421   0.08176   0.01178
   325/499     2.89G   0.01135   0.07955    0.0117    0.1026       789       640    0.5759    0.6849     0.623    0.5092  0.007532   0.07845   0.01182
   326/499     2.89G   0.01179   0.07998   0.01162    0.1034       733       640    0.5582    0.7661     0.646    0.5336  0.007588   0.07422   0.01116
   327/499     2.89G   0.01121   0.08019   0.01141    0.1028       820       640    0.5546    0.7298    0.6292    0.5175  0.007603   0.07304   0.01162
   328/499     2.89G    0.0121   0.08629   0.01175    0.1101      1246       640    0.5455    0.7775    0.6417    0.5298  0.007389   0.07786   0.01129
   329/499     2.89G   0.01193   0.07959   0.01171    0.1032       884       640    0.5854    0.7247    0.6413    0.5226  0.007583   0.08243   0.01134
   330/499     2.89G   0.01116    0.0827   0.01161    0.1055      1022       640    0.5577    0.7345    0.5971    0.4882  0.007817     0.084   0.01243
   331/499     2.89G   0.01099   0.07767   0.01146    0.1001       968       640    0.5739    0.7225     0.617    0.5088  0.007414   0.07276   0.01197
   332/499     2.89G   0.01161   0.07805   0.01164    0.1013      1108       640    0.5761    0.6909      0.62    0.5086  0.007469   0.07494   0.01181
   333/499     2.89G   0.01143   0.08006    0.0115     0.103       617       640    0.5569    0.7225    0.6207    0.5081  0.007429   0.07626   0.01178
   334/499     2.89G   0.01186   0.08155   0.01153    0.1049      1364       640    0.5697    0.7948    0.6513    0.5398  0.007447   0.08162   0.01083
   335/499     2.89G   0.01117   0.08175   0.01153    0.1044       806       640    0.5376    0.7593    0.6365    0.5181  0.007398   0.07486   0.01161
   336/499     2.89G   0.01197    0.0841   0.01171    0.1078      1149       640     0.529    0.7247     0.599    0.4942  0.007373   0.07218   0.01232
   337/499     2.89G   0.01212   0.07987   0.01175    0.1037      1107       640    0.5494    0.7548    0.6294    0.5196  0.007344      0.07   0.01168
   338/499     2.89G    0.0124   0.08234   0.01176    0.1065      1367       640    0.5791    0.7355    0.6435    0.5337  0.007311   0.06829   0.01141
   339/499     2.89G   0.01146   0.07932   0.01157    0.1024      1242       640    0.5872    0.7356    0.6456    0.5284  0.007416   0.06875   0.01126
   340/499     2.89G   0.01123   0.07826   0.01146     0.101      1328       640    0.5726    0.7503    0.6483    0.5355   0.00737   0.06813   0.01127
   341/499     2.89G    0.0116   0.08017   0.01162    0.1034      1125       640    0.5884    0.7199    0.6361    0.5238    0.0074   0.07296    0.0116
   342/499     2.89G   0.01179   0.07978   0.01163    0.1032       990       640    0.5915    0.7588    0.6494    0.5305  0.007471   0.07288   0.01129
   343/499     2.89G   0.01148     0.079   0.01143    0.1019      1038       640    0.5546    0.7483    0.6302    0.5224  0.007369   0.07293   0.01164
   344/499     2.89G   0.01118    0.0821    0.0116    0.1049      1220       640    0.5749     0.745    0.6352    0.5271   0.00731   0.07121   0.01141
   345/499     2.89G   0.01137   0.08074   0.01141    0.1035       697       640    0.5631    0.7484    0.6249    0.5195   0.00747   0.06967   0.01174
   346/499     2.89G   0.01095   0.08273   0.01135     0.105      1099       640    0.5829    0.7253    0.6353    0.5188  0.007532   0.07008   0.01149
   347/499     2.89G   0.01063   0.07852   0.01134    0.1005      1069       640    0.5843    0.7298    0.6563    0.5255  0.007796   0.07844    0.0111
   348/499     2.89G   0.01189   0.08034   0.01151    0.1037      1404       640    0.5798    0.7252    0.6471     0.521  0.007639    0.1082   0.01133
   349/499     2.89G    0.0112   0.07563   0.01139   0.09822      1285       640    0.5699    0.7551    0.6509    0.5303    0.0075   0.09216   0.01117
   350/499     2.89G   0.01125   0.07889   0.01148    0.1016       897       640    0.5746    0.7164     0.635    0.5208  0.007347   0.07917   0.01169
   351/499     2.89G   0.01076   0.07614   0.01129   0.09819       758       640     0.571    0.7571    0.6482    0.5389  0.007246    0.0749   0.01125
   352/499     2.89G   0.01135   0.08117   0.01144     0.104      1416       640    0.5602    0.7827    0.6458    0.5376  0.007308   0.07253   0.01114
   353/499     2.89G   0.01105   0.07824    0.0115    0.1008       808       640    0.5769    0.7584    0.6481    0.5404  0.007345   0.07052     0.011
   354/499     2.89G   0.01174   0.07866   0.01159     0.102      1643       640    0.5778     0.728    0.6421    0.5318  0.007532   0.07262   0.01147
   355/499     2.89G    0.0115    0.0795   0.01145    0.1024      1160       640    0.5891    0.6976    0.6385     0.523  0.007481   0.07012   0.01163
   356/499     2.89G    0.0107    0.0777   0.01119   0.09959      1201       640    0.5523    0.7349     0.631    0.5223  0.007333   0.07008   0.01179
   357/499     2.89G   0.01131   0.07759   0.01145    0.1003      1125       640    0.5542    0.7444    0.6348    0.5197  0.007855   0.07955   0.01158
   358/499     2.89G   0.01063   0.07827   0.01104   0.09994      1297       640    0.5765    0.7234    0.6382    0.5205  0.007652   0.07955   0.01145
   359/499     2.89G   0.01117   0.08051   0.01127    0.1029      1103       640    0.5878     0.727    0.6422    0.5311   0.00753   0.06995   0.01124
   360/499     2.89G    0.0111   0.07639   0.01141    0.0989       861       640    0.5755    0.7142    0.6357    0.5254  0.007455   0.06817   0.01154
   361/499     2.89G   0.01149   0.08073   0.01146    0.1037      1204       640    0.5411    0.7483    0.6193     0.513    0.0074   0.06946   0.01191
   362/499     2.89G   0.01118   0.07622   0.01147   0.09888      1533       640    0.5457    0.7629    0.6085    0.4936  0.007553   0.07314   0.01205
   363/499     2.89G   0.01101   0.07741   0.01139   0.09981      1197       640    0.5942    0.7263    0.6461    0.5259  0.007466   0.07068    0.0113
   364/499     2.89G   0.01117   0.07965   0.01144    0.1022      1205       640    0.5981    0.7149    0.6561    0.5398  0.007239   0.06795   0.01114
   365/499     2.89G   0.01121   0.07929   0.01134    0.1018       965       640    0.5829    0.7734    0.6692    0.5532  0.007279   0.06893    0.0107
   366/499     2.89G   0.01118   0.07683   0.01111   0.09912       893       640    0.5658    0.7833    0.6673    0.5386  0.007523   0.07011   0.01062
   367/499     2.89G   0.01168    0.0779   0.01142     0.101      1117       640    0.5727    0.7538    0.6421     0.534  0.007304     0.071   0.01136
   368/499     2.89G   0.01183   0.07744   0.01136    0.1006      1165       640    0.5902    0.7272      0.65    0.5362  0.007324   0.07249   0.01115
   369/499     2.89G   0.01099   0.07726   0.01129   0.09954      1273       640    0.6004     0.725    0.6497    0.5367  0.007312   0.07496   0.01126
   370/499     2.89G   0.01139   0.07218   0.01132   0.09489       831       640    0.6222    0.7115    0.6521    0.5331  0.007462   0.08259   0.01119
   371/499     2.89G   0.01053   0.07549     0.011   0.09703       591       640    0.5917    0.7633    0.6625    0.5499  0.007258   0.07143   0.01073
   372/499     2.89G    0.0112   0.07795   0.01133    0.1005       770       640    0.5986    0.7661    0.6671    0.5497  0.007371   0.07315   0.01054
   373/499     2.89G   0.01064   0.07512   0.01116   0.09691       811       640    0.5886    0.7684    0.6517    0.5382  0.007288   0.07142   0.01108
   374/499     2.89G   0.01087   0.07355   0.01112   0.09555       957       640    0.5887     0.739    0.6571    0.5385   0.00739   0.07434   0.01082
   375/499     2.89G   0.01058   0.07485   0.01101   0.09645      1052       640    0.5831    0.7524    0.6532    0.5429  0.007244    0.0723   0.01083
   376/499     2.89G    0.0107   0.07704   0.01107   0.09881      1033       640    0.5897    0.7617    0.6507    0.5438   0.00719     0.074   0.01115
   377/499     2.89G   0.01107   0.07935   0.01129    0.1017       966       640    0.5856    0.7518    0.6606    0.5526  0.007174    0.0697   0.01095
   378/499     2.89G    0.0106   0.07472    0.0111   0.09642      1308       640    0.5621    0.7717    0.6412    0.5315  0.007184   0.06768   0.01136
   379/499     2.89G   0.01039   0.07494   0.01116   0.09649      1221       640    0.5849    0.7286    0.6461    0.5391  0.007156   0.06905   0.01127
   380/499     2.89G   0.01107   0.08051   0.01119    0.1028      1028       640     0.604     0.744    0.6573    0.5443  0.007253   0.07475   0.01102
   381/499     2.89G   0.01093   0.07921    0.0114    0.1015       940       640     0.609    0.7679    0.6711     0.562  0.007066   0.06924   0.01063
   382/499     2.89G    0.0106   0.07344   0.01109   0.09513      1343       640    0.5999    0.7805    0.6681    0.5551  0.007205    0.0724   0.01054
   383/499     2.89G   0.01071   0.07663   0.01105   0.09838       865       640    0.6201    0.7123    0.6627    0.5533   0.00725   0.07086   0.01081
   384/499     2.89G   0.01151   0.07649   0.01134   0.09934      1616       640    0.5499    0.7593    0.6291    0.5246  0.007157   0.06774   0.01165
   385/499     2.89G   0.01115    0.0764   0.01132   0.09887       772       640    0.6045    0.7379    0.6327    0.5295  0.007195   0.06855   0.01149
   386/499     2.89G   0.01052   0.07595   0.01103    0.0975      1305       640    0.6028    0.7435    0.6644    0.5511  0.007229    0.0711    0.0107
   387/499     2.89G   0.01043   0.07208   0.01088   0.09339      1034       640    0.5895     0.746    0.6584     0.546  0.007292   0.07261   0.01086
   388/499     2.89G   0.01052   0.07509   0.01094   0.09655      1002       640    0.5806    0.7593    0.6565    0.5442  0.007456   0.07756     0.011
   389/499     2.89G    0.0111   0.07963   0.01122     0.102       975       640    0.5869    0.7679    0.6559    0.5486  0.007447   0.08038     0.011
   390/499     2.89G   0.01087   0.07601   0.01111   0.09798      1148       640    0.6096    0.7481    0.6647    0.5578  0.007365   0.07944   0.01083
   391/499     2.89G   0.01057   0.07967   0.01107    0.1013       977       640     0.593    0.7363     0.653    0.5462  0.007331   0.08442    0.0112
   392/499     2.89G    0.0106   0.07745   0.01087   0.09892      1420       640    0.5683    0.7432    0.6364    0.5305  0.007325   0.07962   0.01158
   393/499     2.89G   0.01086   0.07605   0.01103   0.09793      1111       640    0.5888    0.7643    0.6352      0.52   0.00749   0.08546   0.01154
   394/499     2.89G   0.01084   0.07846   0.01106    0.1004       607       640    0.5929    0.7553    0.6593    0.5412  0.007436   0.07692   0.01098
   395/499     2.89G   0.01076   0.07566   0.01096   0.09738      1015       640    0.5892    0.7716    0.6644     0.537  0.007546   0.07431   0.01091
   396/499     2.89G   0.01082   0.07636   0.01099   0.09817       944       640    0.5981    0.7261    0.6513     0.535  0.007402   0.07081   0.01116
   397/499     2.89G   0.01131   0.07759   0.01123    0.1001      1227       640    0.5855    0.7303    0.6385     0.522   0.00749   0.07269   0.01141
   398/499     2.89G    0.0111   0.07784   0.01128    0.1002       859       640    0.5993     0.757    0.6648     0.549  0.007366   0.07494   0.01072
   399/499     2.89G   0.01112   0.07412   0.01113   0.09637      1084       640    0.5949    0.7725    0.6691    0.5597   0.00743   0.07566   0.01061
   400/499     2.89G   0.01115   0.07622   0.01103    0.0984      1301       640    0.6084    0.7613    0.6694    0.5615  0.007266   0.07097   0.01068
   401/499     2.89G   0.01009   0.07608   0.01081   0.09698       833       640     0.596    0.7784    0.6569    0.5409  0.007374   0.07132   0.01103
   402/499     2.89G   0.01093   0.07527    0.0112   0.09739       998       640    0.6137    0.7037    0.6575    0.5427  0.007278   0.07061   0.01113
   403/499     2.89G   0.01106   0.07719    0.0112   0.09945      1013       640    0.6228    0.7094    0.6544    0.5461  0.007272    0.0717   0.01116
   404/499     2.89G    0.0114    0.0757   0.01112   0.09823       700       640    0.5963    0.7407    0.6517    0.5414  0.007286   0.07424   0.01118
   405/499     2.89G   0.01095   0.07332   0.01111   0.09538       829       640    0.5737    0.7675     0.653    0.5462  0.007309    0.0727   0.01106
   406/499     2.89G   0.01038    0.0747   0.01108   0.09615      1545       640    0.6225     0.739    0.6738    0.5607  0.007267   0.07258   0.01052
   407/499     2.89G   0.01094     0.075   0.01127   0.09721      1032       640    0.5862    0.7608     0.655    0.5508  0.007142   0.07508   0.01113
   408/499     2.89G   0.01066   0.07615   0.01102   0.09784      1383       640    0.5563    0.7538    0.6352     0.533  0.007085   0.07158   0.01162
   409/499     2.89G   0.01069   0.07266   0.01093   0.09428      1445       640    0.5947    0.7689    0.6648    0.5596  0.007185   0.07091   0.01075
   410/499     2.89G   0.01125   0.07824   0.01115    0.1006      1396       640    0.5987    0.7665    0.6698    0.5618  0.007215   0.07593   0.01056
   411/499     2.89G    0.0108   0.07506   0.01113   0.09699      1353       640    0.6217    0.7262    0.6653    0.5611  0.007165   0.08203   0.01085
   412/499     2.89G   0.01135   0.07755    0.0111   0.09999      1210       640    0.6238    0.7242    0.6717     0.562  0.007155    0.0742   0.01073
   413/499     2.89G   0.01079   0.07676   0.01104   0.09859       869       640    0.6178    0.7678     0.677    0.5709  0.007156   0.07479   0.01058
   414/499     2.89G   0.01051   0.07703   0.01101   0.09855      1269       640    0.5759    0.7387    0.6084    0.5031  0.007731   0.08722   0.01206
   415/499     2.89G     0.011   0.07724   0.01117   0.09942       770       640    0.6128    0.7573    0.6652    0.5592  0.007233   0.08498   0.01082
   416/499     2.89G   0.01091   0.07581   0.01105   0.09777       877       640    0.5752    0.7694    0.6612    0.5507  0.007429   0.08213   0.01086
   417/499     2.89G   0.01135   0.08004   0.01124    0.1026      1402       640    0.6071    0.7761    0.6796    0.5721  0.007218   0.07268   0.01034
   418/499     2.89G   0.01085   0.07989   0.01114    0.1019       823       640    0.6036    0.7226    0.6199    0.5159  0.007461   0.07907   0.01181
   419/499     2.89G   0.01077   0.07439   0.01094   0.09611      1374       640    0.6105    0.7014    0.6176    0.5148  0.007515   0.08624   0.01188
   420/499     2.89G    0.0105    0.0748   0.01087   0.09617       698       640    0.6022    0.6778    0.6371    0.5321  0.007321   0.08706   0.01163
   421/499     2.89G   0.01079     0.075   0.01112   0.09691      1385       640    0.5769    0.7127    0.6391    0.5331   0.00742   0.08146   0.01162
   422/499     2.89G   0.01069   0.07469     0.011   0.09639       991       640    0.6154    0.7104    0.6582    0.5524  0.007312   0.07689   0.01112
   423/499     2.89G    0.0106   0.07599   0.01098   0.09757       846       640    0.6062    0.7444    0.6658    0.5583  0.007353   0.07645   0.01085
   424/499     2.89G   0.01118   0.07572   0.01111   0.09801       982       640    0.5998    0.7595     0.676    0.5662  0.007285   0.08019   0.01051
   425/499     2.89G  0.009837   0.07335   0.01073   0.09392      1103       640    0.5858    0.7726     0.672    0.5632  0.007276   0.07728   0.01062
   426/499     2.89G   0.01071   0.07359   0.01103   0.09532      1457       640     0.598    0.7453    0.6686    0.5612  0.007244    0.0766   0.01091
   427/499     2.89G   0.01085   0.07581   0.01093   0.09759      1206       640    0.6193    0.7443    0.6786    0.5692  0.007297   0.08458   0.01054
   428/499     2.89G   0.01046   0.07038   0.01085   0.09169      1139       640    0.5895    0.7402    0.6623    0.5583  0.007099   0.09203   0.01091
   429/499     2.89G   0.01117    0.0781     0.011    0.1003       969       640    0.6015    0.7441    0.6669    0.5628  0.007132   0.08738   0.01081
   430/499     2.89G   0.01075   0.07461    0.0109   0.09627      1082       640    0.6056    0.7707    0.6778    0.5717  0.007112    0.0805   0.01051
   431/499     2.89G   0.01127   0.07823   0.01109    0.1006      1122       640    0.5672    0.7894    0.6641    0.5587  0.007202   0.07898   0.01083
   432/499     2.89G   0.01001   0.07479   0.01075   0.09554      1375       640    0.5705    0.7395    0.6503    0.5474  0.007217    0.0738   0.01117
   433/499     2.89G   0.01067   0.07241   0.01093   0.09402       979       640    0.5845    0.7614    0.6609    0.5561  0.007261   0.06715   0.01088
   434/499     2.89G    0.0111    0.0762   0.01111   0.09841      1089       640    0.5907    0.7716    0.6599     0.556  0.007216   0.06652   0.01092
   435/499     2.89G   0.01087   0.07636   0.01105   0.09828      1092       640    0.5985    0.7405    0.6623     0.555    0.0071   0.06658   0.01087
   436/499     2.89G   0.01092   0.08067   0.01118    0.1028       893       640    0.5857    0.7049    0.6381    0.5315  0.007238   0.07038   0.01146
   437/499     2.89G   0.01169    0.0775   0.01113    0.1003       917       640    0.6079    0.7001    0.6533    0.5462   0.00729   0.07037   0.01111
   438/499     2.89G   0.01092   0.08016   0.01096     0.102      1226       640    0.6108    0.7704    0.6766    0.5674   0.00718   0.07101   0.01061
   439/499     2.89G   0.01134   0.07824   0.01104    0.1006      1263       640    0.6226    0.7569    0.6764    0.5631  0.007256   0.07216   0.01053
   440/499     2.89G   0.01014   0.07304   0.01075   0.09393      1086       640    0.6188    0.7253      0.67    0.5561  0.007235   0.07325   0.01077
   441/499     2.89G   0.01027   0.07155   0.01076   0.09258      1279       640    0.6054    0.7463    0.6748    0.5628   0.00719   0.07125   0.01066
   442/499     2.89G   0.01101   0.07512   0.01098   0.09711      1255       640    0.6306     0.758     0.684    0.5686  0.007157   0.06915   0.01033
   443/499     2.89G   0.01074   0.07484   0.01086   0.09645       830       640    0.6005    0.7814    0.6756    0.5719  0.007048   0.06902   0.01051
   444/499     2.89G   0.01102   0.07691     0.011   0.09893      1071       640    0.5934    0.7209    0.6579     0.557   0.00712   0.07128   0.01105
   445/499     2.89G   0.01029   0.07374   0.01084   0.09487       654       640    0.5914    0.7589    0.6653    0.5641  0.006983   0.07128    0.0108
   446/499     2.89G   0.01098   0.07648   0.01085   0.09831      1277       640    0.5733    0.7639    0.6596    0.5577  0.007063    0.0689     0.011
   447/499     2.89G   0.01108   0.07676     0.011   0.09883      1048       640    0.5845    0.7305    0.6531    0.5486   0.00708   0.06551   0.01115
   448/499     2.89G   0.01138    0.0778   0.01138    0.1006      1255       640    0.5977    0.7484    0.6614    0.5559  0.007024   0.06229   0.01093
   449/499     2.89G   0.01057   0.07655   0.01072   0.09785       941       640    0.6153    0.7455    0.6737    0.5704  0.007074   0.06282   0.01068
   450/499     2.89G   0.01091   0.07509   0.01092   0.09692       863       640    0.5996    0.7464    0.6634    0.5595  0.007043   0.06766   0.01104
   451/499     2.89G   0.01068   0.07687   0.01083   0.09838      1190       640    0.5694    0.7915    0.6699     0.561  0.007149   0.07397   0.01098
   452/499     2.89G   0.01101   0.07695   0.01096   0.09892       976       640    0.6319     0.714    0.6735     0.564  0.007317   0.07649   0.01077
   453/499     2.89G   0.01045   0.07415   0.01082   0.09543      1177       640    0.6132    0.7504    0.6645    0.5584  0.007237    0.0769   0.01086
   454/499     2.89G   0.01104   0.07646   0.01098   0.09848      1345       640    0.6432    0.7307    0.6658    0.5618  0.007212   0.07586   0.01073
   455/499     2.89G   0.01021   0.07312   0.01067     0.094      1068       640      0.62     0.738    0.6682    0.5633  0.007113   0.07856   0.01073
   456/499     2.89G    0.0108   0.07631   0.01085   0.09796      1381       640    0.6042    0.7418    0.6637    0.5564  0.007099   0.08045   0.01085
   457/499     2.89G   0.01153   0.07322   0.01109   0.09584      1414       640    0.6105    0.7351    0.6647    0.5564   0.00712   0.07149   0.01083
   458/499     2.89G   0.01095   0.07691    0.0109   0.09875      1027       640    0.5937    0.7559    0.6637     0.556  0.007045   0.06643   0.01088
   459/499     2.89G   0.01059   0.07782   0.01095   0.09935       840       640    0.5685    0.7646    0.6538      0.55  0.007035   0.06747   0.01111
   460/499     2.89G   0.01076    0.0733    0.0109   0.09496      1007       640    0.5845    0.7783    0.6676    0.5641  0.007033   0.06692   0.01084
   461/499     2.89G   0.01077   0.07153   0.01079   0.09308      1356       640      0.62    0.7515    0.6762    0.5684  0.007061   0.06716   0.01063
   462/499     2.89G   0.01041   0.07406   0.01074   0.09521       804       640    0.6245      0.76    0.6799    0.5712  0.007195   0.06984   0.01053
   463/499     2.89G   0.01045   0.07576   0.01086   0.09707      1025       640    0.6031    0.7767    0.6745    0.5703  0.007053   0.06567   0.01061
   464/499     2.89G   0.01048   0.07432    0.0109   0.09569      1312       640    0.5953    0.7472    0.6692    0.5646  0.007069   0.06596   0.01092
   465/499     2.89G   0.01024   0.07191   0.01061   0.09277      1104       640    0.5985    0.7504    0.6729    0.5723  0.006921   0.06363   0.01077
   466/499     2.89G   0.01028   0.07479    0.0107   0.09577       939       640    0.6271     0.728    0.6787    0.5748  0.007103   0.06599   0.01043
   467/499     2.89G   0.01123   0.07927   0.01095    0.1015      1151       640    0.5933    0.7783    0.6733    0.5721  0.007063   0.06621   0.01071
   468/499     2.89G   0.01077   0.07455   0.01084   0.09616      1158       640    0.6174    0.7492    0.6824    0.5788  0.006963   0.06517   0.01054
   469/499     2.89G    0.0109   0.07459   0.01106   0.09655      1058       640    0.6264    0.7416    0.6812    0.5769  0.006992   0.06653   0.01055
   470/499     2.89G   0.01085   0.07462   0.01083    0.0963       742       640     0.613    0.7476      0.66    0.5562  0.007045   0.06603    0.0109
   471/499     2.89G    0.0106   0.07387    0.0108   0.09528      1112       640    0.6033    0.7448     0.675    0.5693   0.00704   0.06311   0.01065
   472/499     2.89G    0.0106   0.07828   0.01085   0.09974       956       640    0.5889    0.7648    0.6709    0.5659  0.006968   0.06271   0.01068
   473/499     2.89G   0.01075   0.07398   0.01081   0.09554       832       640     0.604    0.7459    0.6625    0.5617  0.007016    0.0641   0.01087
   474/499     2.89G   0.01014   0.07134    0.0105   0.09198       775       640    0.5889    0.7699    0.6735    0.5689  0.007036   0.06662   0.01063
   475/499     2.89G   0.01066   0.07476   0.01086   0.09629      1244       640    0.6067    0.7721    0.6802    0.5748  0.007007   0.06705   0.01046
   476/499     2.89G   0.01045   0.07359   0.01073   0.09477      1040       640    0.6058    0.7666    0.6743     0.567  0.007034   0.06605   0.01062
   477/499     2.89G   0.01078   0.07507   0.01088   0.09673       833       640    0.6302    0.7267    0.6752    0.5665  0.007044   0.06604   0.01061
   478/499     2.89G   0.01088   0.07517   0.01096   0.09701       977       640    0.6281    0.6951    0.6626     0.559  0.007009   0.06621   0.01095
   479/499     2.89G   0.01091   0.07344   0.01085    0.0952      1157       640    0.6211    0.7618    0.6822    0.5749   0.00712   0.06908   0.01045
   480/499     2.89G  0.009951   0.07292   0.01062   0.09349      1049       640    0.6249    0.7506     0.684    0.5777  0.007084   0.06862   0.01043
   481/499     2.89G   0.01087   0.07555   0.01077   0.09719      1333       640    0.5954    0.7595    0.6733    0.5657  0.007231   0.07349   0.01073
   482/499     2.89G   0.01098   0.07558   0.01078   0.09735      1130       640    0.6076    0.7585    0.6765    0.5684   0.00716   0.07448   0.01059
   483/499     2.89G  0.009923   0.07253   0.01055   0.09301       957       640    0.6053    0.7603    0.6759    0.5672  0.007114   0.07257   0.01056
   484/499     2.89G   0.01093   0.07697    0.0108   0.09871      1127       640    0.6043    0.7583    0.6736    0.5686  0.007033   0.06793   0.01068
   485/499     2.89G   0.01069   0.07231   0.01059   0.09359       990       640    0.6077    0.7713    0.6801    0.5759  0.006986   0.06548   0.01044
   486/499     2.89G   0.01046    0.0713   0.01071   0.09247      1026       640    0.6086    0.7594    0.6764    0.5716  0.007039   0.06602   0.01046
   487/499     2.89G   0.01095   0.07199   0.01086    0.0938      1042       640    0.6256     0.715    0.6754     0.568  0.007051   0.06442   0.01072
   488/499     2.89G   0.01104   0.07585   0.01077   0.09765      1161       640    0.5903    0.7957     0.682    0.5751  0.007049    0.0655   0.01061
   489/499     2.89G   0.01085   0.07686   0.01076   0.09847      1197       640    0.6296    0.7659     0.691    0.5815  0.007053    0.0675   0.01021
   490/499     2.89G   0.01101   0.07662   0.01085   0.09848      1032       640    0.6182    0.7765    0.6919    0.5838   0.00698    0.0711   0.01026
   491/499     2.89G   0.01059   0.07226   0.01059   0.09344      1073       640    0.6005    0.7632     0.682    0.5709  0.007082   0.07231   0.01061
   492/499     2.89G  0.009887   0.07116   0.01043   0.09147      1042       640    0.6278    0.7588    0.6925     0.579  0.007126   0.07272   0.01025
   493/499     2.89G   0.01004   0.07356    0.0107    0.0943      1292       640    0.6248    0.7733    0.6833    0.5746  0.007091   0.07449   0.01044
   494/499     2.89G   0.01079   0.07753   0.01097   0.09928      1228       640    0.6109    0.7501    0.6714    0.5652  0.006997   0.06985   0.01071
   495/499     2.89G   0.01054   0.07512   0.01089   0.09655      1308       640    0.6236    0.7193    0.6657    0.5568  0.007077   0.06957   0.01085
   496/499     2.89G   0.01066   0.07374   0.01098   0.09538      1069       640    0.6098    0.7388    0.6608    0.5532  0.007104   0.07224   0.01088
   497/499     2.89G   0.01079   0.07357   0.01086   0.09522      1107       640    0.5822    0.7798     0.661    0.5487   0.00723   0.07209   0.01091
   498/499     2.89G   0.01036   0.07402   0.01073   0.09512      1069       640    0.6012     0.771    0.6726    0.5585  0.007195   0.06932   0.01062
   499/499     2.89G   0.01062   0.07234   0.01072   0.09369      1433       640    0.6113    0.7583    0.6681    0.5571  0.007164   0.07095   0.01074
